A,1,1,3,2,1,8,2,2,2,8,2,8,1,6,2,7
A,3,7,5,5,3,12,2,3,2,10,2,9,2,6,3,8
A,3,8,5,6,3,9,2,2,3,8,2,8,2,6,3,7
A,2,1,4,2,1,8,1,2,2,7,2,8,2,5,2,7
A,3,7,5,5,3,10,4,1,2,8,3,9,2,4,2,7
A,2,4,4,3,2,10,2,2,2,9,2,9,2,7,3,9
A,2,8,4,6,2,12,2,4,3,11,2,10,3,6,3,9
A,8,15,7,8,4,8,2,3,2,8,5,12,5,4,5,5
A,3,3,5,4,1,7,6,3,0,7,0,8,2,7,1,8
A,3,5,5,7,2,7,7,3,1,6,0,8,3,7,1,8
A,2,7,4,5,3,13,3,3,2,10,1,8,2,6,2,8
A,4,9,6,6,2,10,5,3,1,8,1,9,2,7,2,8
A,6,9,8,8,8,8,7,3,5,7,8,8,6,8,4,5
A,5,10,7,8,5,8,3,3,1,7,1,8,5,9,5,8
A,3,7,5,5,3,11,3,2,2,8,2,9,3,4,2,8
A,1,3,2,2,1,10,3,2,1,9,2,9,1,6,1,8
A,2,7,4,4,2,7,3,3,2,7,2,8,3,7,2,8
A,3,6,5,4,3,12,3,2,2,9,2,9,2,6,2,8
A,2,6,4,4,2,12,2,4,3,12,2,10,2,6,3,9
A,3,9,5,7,3,12,3,4,3,11,1,9,2,6,3,9
A,3,8,5,5,1,6,6,3,1,6,0,8,2,6,1,7
A,3,9,6,7,3,11,2,3,3,10,2,9,2,6,3,8
A,4,9,6,6,2,7,4,3,2,7,1,8,3,7,3,8
A,5,11,7,8,4,8,3,2,3,7,1,8,2,7,3,7
A,3,8,5,5,2,7,4,3,1,7,1,8,3,7,2,8
A,3,9,6,7,4,11,3,2,2,9,2,9,3,4,3,8
A,4,9,6,7,4,10,3,2,2,8,2,10,4,4,3,8
A,3,5,5,5,4,9,8,3,4,6,8,7,4,10,4,5
A,3,10,6,8,4,12,2,3,3,10,2,9,2,6,4,8
A,1,1,3,2,1,6,2,2,1,6,2,7,1,6,2,6
A,2,3,3,2,1,8,2,2,1,6,2,8,2,7,2,7
A,3,3,5,4,1,9,3,3,2,8,2,9,3,6,2,8
A,2,4,4,5,1,8,6,3,1,7,0,8,2,6,1,8
A,3,6,5,4,2,9,2,2,2,7,1,8,2,7,3,7
A,3,4,5,6,2,8,5,3,1,7,1,8,2,7,2,8
A,4,9,6,7,3,11,2,4,3,10,2,9,3,7,3,8
A,7,15,5,8,4,10,3,3,2,8,4,11,5,5,4,8
A,1,3,2,2,1,9,3,2,1,8,2,9,1,6,1,7
A,6,14,6,8,4,12,2,3,2,12,4,11,4,4,4,11
A,3,6,5,4,3,11,2,2,2,9,2,9,2,6,3,8
A,3,6,5,4,1,7,5,3,1,6,1,8,2,7,2,7
A,4,10,7,7,5,7,5,2,3,5,2,6,3,7,4,4
A,2,7,4,5,2,12,2,4,3,11,2,9,2,6,3,9
A,3,4,6,6,2,9,3,3,3,8,2,9,3,6,3,9
A,7,13,7,7,4,12,3,6,2,12,2,10,5,3,4,10
A,3,7,5,5,3,11,2,2,2,9,2,9,3,6,3,9
A,3,3,5,4,1,8,6,3,1,7,1,8,2,7,1,8
A,2,1,3,2,1,8,2,2,1,7,2,8,2,7,2,7
A,1,3,2,2,1,10,2,2,1,9,2,9,1,6,2,8
A,2,6,4,4,1,8,5,3,1,7,1,8,2,7,2,8
A,1,0,2,0,0,8,4,2,0,7,2,8,1,6,1,8
A,3,6,5,4,2,11,2,4,2,10,2,10,2,7,3,8
A,4,12,7,8,3,7,4,3,2,6,1,8,3,7,3,7
A,4,11,6,8,4,8,3,2,3,6,1,8,2,7,3,7
A,2,4,4,3,2,9,2,2,1,8,2,9,2,7,2,8
A,3,9,5,6,3,9,3,2,3,7,1,8,2,6,2,7
A,5,8,8,7,7,8,7,2,5,7,8,8,5,10,3,6
A,2,4,3,2,1,8,2,2,2,8,2,8,2,6,2,7
A,7,12,6,6,3,9,0,3,2,9,4,12,3,5,4,6
A,3,6,4,4,2,8,2,2,2,7,2,8,2,6,3,7
A,1,0,2,1,0,8,4,2,0,7,2,8,2,7,1,8
A,1,0,2,0,0,7,4,2,0,7,2,8,1,6,1,8
A,2,5,4,3,2,10,2,3,2,10,2,9,2,6,2,8
A,4,9,5,6,4,7,5,3,0,6,1,8,2,7,1,7
A,3,9,5,7,3,13,3,3,2,11,1,8,2,6,3,9
A,5,10,8,8,5,11,3,1,2,8,2,9,4,6,3,8
A,3,9,5,7,3,9,3,2,2,8,1,8,2,6,3,7
A,4,6,6,5,5,8,8,3,5,7,8,7,5,10,4,6
A,3,8,5,6,3,7,5,3,0,7,1,8,2,7,1,8
A,3,11,6,8,4,12,2,2,2,9,2,9,2,6,3,8
A,2,4,3,3,1,10,2,3,2,10,2,9,2,6,2,8
A,3,8,5,5,2,7,5,3,1,6,1,8,2,7,2,7
A,3,9,6,6,3,11,3,2,2,9,2,9,3,5,3,8
A,2,2,4,3,2,8,2,2,2,8,2,8,2,6,3,7
A,3,11,5,8,4,12,3,3,3,10,1,9,2,6,3,8
A,3,11,6,8,2,8,6,3,1,7,0,8,3,7,2,8
A,3,8,6,6,4,8,5,2,4,6,2,6,2,6,2,6
A,6,9,6,5,3,13,0,5,1,12,3,11,2,3,2,10
A,3,8,5,6,3,11,2,3,3,10,2,9,2,6,3,8
A,2,6,5,4,3,6,5,1,3,5,2,7,2,6,3,4
A,5,12,5,6,3,14,0,4,2,12,3,11,2,4,2,10
A,1,0,2,1,0,7,4,2,0,7,2,8,2,7,1,8
A,3,10,6,7,4,11,3,2,2,9,2,9,3,7,3,9
A,2,1,3,1,1,7,4,2,0,7,2,8,2,6,2,8
A,4,11,7,8,6,7,5,1,4,5,2,6,5,6,6,6
A,6,11,8,9,8,7,7,8,4,8,5,8,4,8,10,1
A,2,7,4,5,3,12,3,2,2,9,2,9,3,7,3,9
A,7,9,10,8,8,6,8,2,4,7,7,9,8,6,4,8
A,3,8,5,5,2,7,5,3,1,7,1,8,2,7,2,7
A,4,9,7,7,4,8,2,2,3,6,1,7,2,7,3,7
A,4,10,7,7,2,7,5,3,1,7,1,8,3,7,2,8
A,2,8,4,6,2,12,3,3,2,10,1,9,2,6,2,8
A,6,9,5,4,2,11,3,3,1,9,4,11,4,5,4,9
A,8,14,8,8,6,9,4,5,4,10,6,12,9,2,7,11
A,3,9,5,7,3,11,3,2,2,9,2,9,3,5,3,8
A,2,4,3,3,1,11,3,3,2,11,2,9,2,6,2,9
A,3,9,5,7,3,11,4,2,2,8,2,9,3,5,3,8
A,3,5,5,3,2,10,2,2,2,10,2,9,2,6,2,7
A,3,9,5,7,3,10,2,2,2,8,1,8,2,7,3,8
A,5,9,9,7,6,5,5,2,4,3,2,7,6,7,7,2
A,3,8,6,5,2,6,5,3,0,6,1,8,2,7,2,7
A,3,9,5,7,4,9,3,2,2,7,2,8,2,6,3,6
A,3,7,5,5,3,8,2,2,2,7,1,8,2,7,3,7
A,2,6,5,4,3,5,5,2,2,4,2,7,2,6,3,3
A,3,9,6,7,4,13,3,3,3,11,1,9,2,6,2,9
A,2,3,3,2,1,10,2,2,1,8,2,9,1,6,1,8
A,2,7,4,5,3,11,3,2,2,9,2,9,2,6,3,8
A,5,6,7,5,5,8,8,3,4,7,8,8,5,9,3,6
A,3,4,5,3,2,10,2,2,2,8,2,9,4,5,2,9
A,3,6,6,4,4,8,5,2,4,7,2,6,2,6,4,6
A,3,9,5,7,3,11,3,3,4,11,2,9,2,6,3,8
A,2,3,4,4,2,8,3,1,2,7,2,8,2,6,2,7
A,3,10,6,7,2,7,3,3,3,7,1,8,3,6,3,7
A,2,3,3,1,1,8,2,2,1,7,2,8,2,6,2,7
A,5,10,7,8,4,9,2,3,3,8,1,8,2,7,4,8
A,2,6,4,4,1,7,5,3,1,6,0,8,2,7,1,7
A,7,9,9,8,8,5,8,3,5,7,8,10,8,8,4,8
A,2,4,4,5,2,7,4,3,1,7,1,8,2,7,2,8
A,4,7,5,5,3,8,2,2,2,6,2,8,2,6,3,6
A,4,6,6,5,5,8,8,2,4,7,8,8,5,8,4,6
A,4,6,5,6,5,7,9,2,4,7,7,9,7,7,3,8
A,5,7,6,5,6,8,7,7,4,7,6,8,2,8,8,3
A,3,9,4,6,3,9,5,2,0,8,1,8,2,6,1,8
A,4,7,5,5,5,7,7,6,3,7,6,8,2,7,8,3
A,4,9,4,4,3,10,3,4,2,10,5,11,5,4,4,10
A,1,1,2,1,1,7,3,2,1,6,2,8,1,6,1,7
A,6,11,8,8,8,8,9,8,5,6,6,8,3,7,8,4
A,4,5,7,7,2,7,6,3,0,7,0,8,3,7,1,8
A,2,8,4,5,2,6,5,3,1,6,1,8,2,7,2,7
A,5,11,8,8,5,11,2,3,3,9,2,9,5,7,4,9
A,3,6,5,5,4,9,7,3,5,7,8,6,4,10,3,5
A,1,3,2,1,1,9,3,2,1,8,2,9,1,6,0,8
A,3,7,5,5,3,11,2,3,2,10,2,9,2,6,3,8
A,2,4,4,3,2,9,2,2,2,8,2,9,1,6,1,7
A,2,1,3,3,1,7,2,1,2,6,2,7,2,5,2,8
A,1,3,2,2,1,10,2,3,1,9,2,9,2,6,1,7
A,7,12,7,7,4,12,1,4,1,11,4,12,5,4,4,11
A,3,11,5,8,4,12,3,2,2,9,2,9,2,6,2,8
A,1,3,3,2,1,8,3,2,2,7,2,8,2,6,2,7
A,6,11,6,6,4,10,2,4,2,11,5,12,5,4,6,10
A,2,4,4,2,2,11,2,2,1,9,2,9,2,7,2,9
A,6,12,6,6,3,13,1,5,2,12,2,10,2,3,2,10
A,1,3,2,1,1,9,3,1,1,8,3,9,1,6,1,8
A,3,5,5,3,2,8,2,2,2,8,2,8,2,6,3,7
A,2,7,4,5,2,12,4,4,3,11,1,8,2,6,2,8
A,2,6,4,4,2,11,3,3,2,10,1,9,2,6,2,8
A,1,0,2,0,0,7,4,2,0,7,2,8,1,7,1,8
A,7,13,6,8,4,8,2,3,2,8,4,12,5,5,4,7
A,4,9,7,7,5,6,5,2,3,4,1,6,5,7,5,4
A,3,7,5,5,4,8,5,1,3,7,2,6,2,6,4,5
A,3,4,5,3,2,8,2,2,2,8,2,8,2,7,3,7
A,5,12,5,6,3,12,2,4,2,11,3,11,4,4,4,11
A,2,1,4,2,1,8,2,2,1,7,2,8,2,6,3,6
A,3,7,5,4,2,8,3,3,3,7,2,8,3,6,3,8
A,2,5,3,3,2,11,3,2,2,9,2,9,2,6,2,8
A,3,5,5,4,2,10,2,2,2,8,2,9,3,5,2,8
A,4,9,6,7,4,12,2,3,2,10,2,9,2,7,3,8
A,3,2,5,4,2,10,2,2,2,9,1,8,2,6,3,8
A,2,1,3,1,0,7,4,2,0,7,2,8,2,7,1,8
A,4,9,7,6,4,8,3,1,2,5,2,8,3,5,3,7
A,3,7,4,5,3,9,4,3,1,8,1,8,2,6,1,8
A,8,12,8,6,4,11,0,4,3,12,6,14,4,5,5,11
A,3,7,5,5,3,10,2,2,2,9,2,8,2,6,4,8
A,4,9,6,7,4,7,5,3,0,6,1,8,2,7,1,7
A,3,7,5,6,4,6,8,2,4,7,7,9,5,9,3,7
A,1,1,2,1,0,7,4,2,0,7,2,8,2,6,1,8
A,6,14,6,8,5,11,3,4,2,11,3,11,5,3,4,11
A,4,8,6,6,3,13,3,4,3,11,1,8,2,6,2,9
A,1,0,2,0,0,8,4,2,0,7,2,8,1,6,1,8
A,5,8,7,6,6,8,9,7,5,6,6,8,3,7,7,4
A,3,2,6,4,2,10,2,2,2,9,1,8,2,6,2,8
A,5,6,7,5,6,6,6,3,5,7,8,10,8,11,3,8
A,3,7,5,5,3,11,2,3,2,10,2,9,3,7,3,9
A,3,8,6,6,3,11,2,2,2,9,2,9,3,7,3,9
A,5,10,7,8,5,8,4,3,0,7,1,8,2,7,4,8
A,3,5,5,3,2,11,2,2,2,9,2,9,2,6,2,8
A,2,7,4,5,2,8,3,2,2,7,1,8,2,6,2,7
A,1,1,2,1,0,7,4,2,0,6,2,8,2,7,1,8
A,3,9,5,7,4,12,2,3,3,10,2,9,3,8,4,9
A,5,11,7,9,5,8,3,3,1,7,2,8,5,8,5,10
A,4,8,6,6,4,9,5,3,0,8,1,8,2,7,1,8
A,3,8,6,6,3,12,2,2,2,10,2,9,2,6,2,8
A,1,1,2,1,0,7,4,2,0,7,2,8,2,7,1,8
A,3,8,5,5,2,9,6,3,1,8,0,8,2,7,1,8
A,2,4,4,3,2,8,2,2,2,7,2,8,2,6,2,7
A,2,3,3,1,1,8,2,2,1,7,2,8,2,7,2,7
A,2,6,4,4,2,11,3,3,2,10,1,9,2,6,2,8
A,5,8,8,7,7,7,7,2,5,7,9,10,5,11,3,7
A,2,1,3,1,1,7,4,2,0,7,1,8,3,6,1,8
A,5,11,9,8,7,10,5,1,5,9,1,5,3,7,4,8
A,4,9,6,6,2,8,4,3,1,7,1,8,3,7,2,8
A,2,8,4,6,3,11,3,3,3,10,2,9,2,6,3,8
A,4,10,6,7,2,7,5,3,1,7,0,8,3,7,2,8
A,4,8,6,6,6,8,8,7,4,6,6,8,3,7,7,4
A,3,7,6,5,3,11,2,3,2,10,2,9,2,6,3,9
A,3,6,5,8,2,7,5,3,1,7,0,8,3,7,2,8
A,2,1,4,2,1,7,2,2,1,6,2,8,2,7,2,7
A,3,9,6,6,4,11,3,1,2,8,2,9,2,6,2,7
A,2,3,4,2,1,6,2,2,2,5,2,8,2,6,2,6
A,2,7,4,4,1,8,5,3,1,7,0,8,2,7,2,8
A,4,8,5,6,3,7,5,2,0,7,1,8,2,7,1,8
A,4,9,6,6,2,8,3,3,3,7,2,8,3,6,3,8
A,2,3,4,4,1,7,5,3,1,6,1,8,2,7,2,7
A,3,9,5,7,3,13,2,4,4,12,1,9,3,6,3,10
A,5,11,5,6,4,9,4,5,3,10,6,12,7,4,6,10
A,2,6,4,4,2,8,2,2,2,7,2,8,2,6,3,6
A,4,11,6,8,5,7,3,1,2,5,2,7,4,6,4,7
A,3,8,6,6,4,10,5,1,4,8,2,6,2,7,4,8
A,3,5,5,5,4,9,8,2,4,7,7,7,4,8,4,5
A,8,12,6,6,3,10,1,2,2,10,4,12,3,5,4,8
A,4,10,5,7,4,9,4,3,1,8,2,8,2,7,2,8
A,2,2,4,3,2,6,2,2,2,5,2,8,2,6,2,6
A,2,7,3,5,2,7,4,2,0,7,2,8,1,6,1,8
A,5,8,7,7,6,9,7,3,4,7,7,6,5,10,4,6
A,3,8,5,6,3,5,4,3,0,5,2,7,2,7,2,7
A,3,2,6,4,3,8,1,2,2,7,2,8,2,7,3,7
A,4,6,6,6,5,7,8,2,4,7,7,9,5,7,3,7
A,4,10,6,8,3,10,3,2,3,9,1,8,2,7,4,9
A,1,1,2,2,1,7,3,2,1,6,2,8,1,6,1,7
A,5,12,5,6,4,11,2,4,2,11,4,11,5,4,5,10
A,3,2,5,4,2,8,2,2,2,8,1,8,2,6,3,7
A,3,8,6,6,3,12,2,3,2,10,2,9,2,6,3,8
A,7,11,5,6,3,10,1,3,1,10,4,12,3,4,4,8
A,3,11,5,8,3,13,3,4,3,12,1,9,2,6,3,9
A,2,4,3,3,2,10,2,2,2,9,2,9,1,6,2,8
A,9,15,9,8,6,11,2,5,2,11,4,11,7,2,5,11
A,1,0,2,0,0,7,4,2,0,7,2,8,1,6,1,8
A,2,5,4,4,2,8,3,2,2,8,2,8,2,6,2,7
A,3,2,6,4,2,8,2,2,2,6,2,7,3,7,3,7
A,4,7,7,5,4,6,5,2,3,4,2,6,4,6,4,5
A,2,8,4,5,2,7,6,3,1,6,0,8,2,7,2,7
A,2,1,4,3,2,8,2,2,1,7,2,8,2,6,2,7
A,3,7,5,5,5,8,8,7,4,6,6,8,2,8,6,5
A,8,13,7,7,4,11,4,3,2,8,4,10,5,5,4,9
A,2,3,3,2,1,9,2,2,1,8,2,10,1,6,2,8
A,1,0,2,0,0,7,3,2,0,7,2,8,2,6,1,8
A,2,7,4,5,2,11,3,3,2,10,2,9,2,6,2,8
A,3,10,6,8,5,10,4,1,2,8,3,9,4,4,3,7
A,4,8,6,6,5,9,5,2,5,8,1,6,3,4,3,7
A,2,7,4,4,1,5,4,3,2,5,1,7,2,6,2,7
A,2,7,4,4,1,8,4,3,2,7,2,8,3,6,2,8
A,3,4,5,2,2,9,1,2,1,8,2,8,2,6,3,8
A,2,1,4,2,1,8,2,2,1,7,2,8,2,7,2,7
A,4,7,5,5,3,8,4,3,0,6,1,8,2,7,1,7
A,3,11,5,8,4,12,2,3,3,10,2,9,2,6,3,8
A,3,6,5,4,2,8,4,3,0,7,1,8,2,7,1,8
A,3,4,5,5,1,8,6,3,1,7,0,8,2,7,1,8
A,2,0,3,1,0,7,4,2,0,7,2,8,2,7,1,8
A,3,7,5,5,3,11,3,2,2,9,2,9,3,5,2,8
A,3,7,6,5,4,12,3,2,2,9,2,8,4,5,2,8
A,3,7,5,5,3,7,3,2,2,5,2,8,2,6,2,6
A,3,10,5,7,3,7,3,2,2,5,2,7,2,6,2,7
A,2,4,4,5,1,5,5,3,1,5,1,8,2,7,2,7
A,5,13,5,7,4,12,2,4,1,11,3,11,4,3,4,11
A,6,14,6,8,4,11,1,3,3,12,5,13,3,6,5,11
A,3,9,6,7,4,10,2,1,2,8,3,9,4,5,3,7
A,3,7,5,5,3,8,2,2,2,7,2,7,2,6,3,6
A,4,7,6,5,3,10,1,3,3,9,2,8,3,6,4,9
A,5,7,7,6,6,9,8,3,4,7,7,8,5,6,5,4
A,2,2,4,3,2,7,2,2,2,6,1,8,2,6,2,7
A,3,9,6,7,5,7,5,2,3,5,2,6,4,5,5,5
A,3,8,5,6,3,12,2,3,2,10,2,9,2,6,3,8
A,3,7,5,5,3,10,2,2,2,9,1,8,2,6,3,8
A,2,8,4,6,2,8,4,3,2,7,1,8,3,7,2,8
A,2,6,4,4,3,7,2,1,2,6,2,7,2,6,3,6
A,3,3,5,5,2,6,3,3,3,6,2,7,3,6,3,7
A,2,5,4,4,2,11,2,2,2,9,2,9,2,6,2,8
A,4,11,6,8,4,12,3,3,3,9,1,9,2,6,3,8
A,2,3,4,1,1,10,2,3,1,9,2,9,1,6,1,8
A,3,9,5,7,3,12,3,4,3,10,1,9,2,7,3,9
A,3,6,5,4,2,10,3,2,2,8,3,10,2,6,2,7
A,3,7,6,5,4,5,5,3,3,3,2,6,4,6,4,4
A,6,10,8,8,8,7,7,8,4,7,6,8,4,8,11,2
A,4,9,6,7,5,8,2,1,2,6,2,7,5,6,6,7
A,3,6,5,4,3,8,5,3,0,7,1,8,2,6,1,8
A,2,8,4,5,2,9,5,3,1,8,1,8,2,7,2,8
A,5,7,7,6,6,5,8,3,5,7,8,11,7,9,3,8
A,6,9,9,8,8,7,8,2,4,7,7,8,6,5,5,6
A,6,9,6,5,3,12,3,5,2,12,3,10,5,3,3,10
A,2,2,4,3,2,8,2,2,2,8,1,8,2,6,2,7
A,4,9,7,7,3,12,2,4,2,11,1,9,3,7,3,9
A,3,7,5,5,3,8,2,2,2,7,2,7,2,6,3,7
A,4,9,6,7,5,7,5,2,4,5,1,6,3,6,4,5
A,6,11,5,6,3,8,4,3,3,7,4,11,5,6,4,7
A,3,4,5,3,2,10,1,3,2,9,2,9,3,6,2,8
A,3,7,5,5,3,12,3,2,2,9,2,9,2,5,2,8
A,5,9,5,5,3,12,2,5,1,12,3,10,3,3,2,10
A,4,7,6,6,5,8,8,2,4,7,7,8,5,7,4,5
A,3,8,5,6,3,8,3,2,2,7,1,8,2,6,3,7
A,2,4,4,6,2,7,5,3,1,7,1,8,2,7,2,8
A,3,4,6,6,2,7,6,3,0,7,0,8,2,7,1,8
A,3,7,4,5,2,9,3,3,3,9,1,8,2,6,2,7
A,4,9,7,6,3,12,2,4,3,11,1,9,3,7,3,9
A,4,5,6,7,2,7,4,3,1,7,1,8,3,7,2,8
A,2,2,4,3,1,6,2,2,2,5,2,8,2,6,2,6
A,2,5,4,4,2,11,3,3,2,10,2,9,2,6,2,8
A,4,9,6,7,4,8,2,1,2,6,2,8,2,7,3,6
A,2,3,4,2,1,10,2,3,2,10,2,10,2,6,2,8
A,4,7,6,5,3,9,3,2,2,8,1,8,2,6,3,7
A,3,5,6,4,2,7,1,2,2,6,2,7,4,6,4,7
A,2,3,3,1,1,7,2,2,1,6,2,7,1,6,1,7
A,1,1,2,1,1,7,4,2,1,7,1,8,2,6,1,7
A,2,4,4,3,1,8,2,2,2,7,2,8,2,6,2,7
A,4,10,6,8,4,13,2,4,3,11,1,9,3,7,4,10
A,4,9,7,7,4,12,3,2,2,9,2,9,2,6,2,8
A,3,5,6,6,2,6,5,3,1,6,0,8,2,7,2,7
A,4,9,6,6,2,6,3,3,3,6,2,7,3,6,3,7
A,1,3,2,1,1,7,2,2,1,7,2,8,1,6,1,7
A,6,13,5,7,3,8,1,2,2,9,4,12,3,5,4,6
A,2,7,5,5,4,8,5,2,3,7,2,6,2,5,3,7
A,1,3,2,1,1,11,3,3,2,10,2,9,1,6,1,8
A,5,8,6,6,6,8,9,7,4,6,6,8,3,7,7,5
A,3,11,6,8,4,12,3,3,3,10,1,9,2,6,3,8
A,2,4,3,3,1,8,2,2,1,7,2,8,2,7,2,7
A,4,8,6,6,6,8,9,7,5,6,6,8,3,7,7,4
A,2,4,4,3,2,8,2,2,2,7,2,8,2,6,2,7
A,3,8,4,6,3,6,4,2,0,6,2,8,2,6,1,7
A,3,5,6,3,2,9,2,2,2,8,2,10,3,7,2,8
A,2,1,3,2,1,9,3,2,2,8,2,8,2,6,2,8
A,4,9,6,6,2,7,4,3,1,6,1,8,3,7,2,7
A,2,7,3,4,1,7,6,3,1,7,0,8,2,7,1,8
A,2,3,3,2,1,10,2,3,1,10,2,9,2,6,2,8
A,3,9,5,7,4,9,3,1,2,7,2,8,2,6,4,7
A,3,11,5,8,2,9,6,3,1,8,0,8,2,7,2,8
A,3,3,5,5,2,7,5,3,1,6,1,8,2,7,2,7
A,3,9,5,6,2,9,6,3,1,8,0,8,2,7,1,8
A,4,10,7,8,4,13,2,4,4,12,1,9,3,7,4,10
A,5,8,9,6,6,7,5,2,4,6,1,6,5,7,5,6
A,2,3,3,2,1,8,2,2,1,8,2,8,2,6,3,8
A,2,4,4,3,1,6,3,2,2,5,2,8,2,6,2,6
A,4,9,7,7,5,10,3,1,2,8,3,9,4,5,3,7
A,9,13,7,7,4,8,2,3,2,8,4,12,5,4,5,6
A,3,7,5,4,2,7,5,3,0,6,1,8,2,7,2,7
A,2,3,3,2,1,11,2,2,1,9,2,9,1,6,2,8
A,2,3,4,4,1,9,5,3,1,8,1,8,2,7,2,8
A,1,0,2,1,0,7,4,2,0,7,2,8,2,7,1,8
A,4,9,6,8,6,7,8,2,6,7,8,9,5,11,3,7
A,2,4,4,3,2,11,2,3,1,9,2,9,2,6,2,9
A,1,0,2,0,0,7,4,2,0,7,2,8,1,7,1,8
A,2,4,4,2,1,11,2,3,2,9,2,9,1,6,2,8
A,6,11,6,6,4,11,2,4,2,11,4,12,5,3,5,11
A,3,8,5,6,5,8,8,6,4,6,6,8,5,7,6,4
A,2,1,4,2,2,7,2,2,2,7,2,8,2,7,3,7
A,3,4,5,3,2,10,2,2,1,9,2,9,2,6,2,8
A,3,5,5,8,2,7,6,3,1,7,0,8,3,7,1,8
A,2,8,4,5,1,8,6,3,1,7,0,8,2,7,1,8
A,3,10,5,7,2,8,6,3,1,7,0,8,3,7,1,8
A,4,9,6,6,4,10,2,1,2,8,3,9,5,5,3,7
A,3,8,5,6,3,12,3,2,2,10,2,9,2,6,2,8
A,5,10,9,8,7,11,5,1,5,9,1,5,3,7,5,9
A,2,7,4,5,2,11,2,3,3,10,2,9,2,6,2,8
A,2,3,3,2,1,10,2,2,1,9,2,9,1,6,2,8
A,4,9,4,4,2,10,2,4,2,11,5,12,4,4,5,10
A,6,10,6,5,3,12,3,6,2,12,2,10,4,3,3,10
A,5,10,7,8,4,10,3,2,3,8,1,7,2,7,3,8
A,3,2,5,3,2,6,2,2,1,5,2,8,2,7,3,5
A,4,9,6,6,2,7,7,3,0,7,0,8,3,7,1,8
A,3,5,5,3,2,6,2,2,2,5,2,8,2,6,3,6
A,3,10,5,8,4,6,3,1,2,5,2,8,2,5,3,6
A,2,2,4,3,1,7,3,2,2,6,1,8,2,6,2,7
A,4,9,7,7,5,11,3,1,2,8,3,9,6,5,3,8
A,6,10,9,8,9,8,7,7,4,7,6,9,6,8,7,4
A,5,11,7,9,5,10,2,2,3,9,1,7,3,7,4,8
A,4,7,6,5,2,8,3,3,3,9,1,8,2,7,3,7
A,7,11,9,8,9,7,6,8,4,7,5,8,5,8,11,2
A,3,6,5,4,2,8,2,2,2,7,1,8,2,6,3,7
A,3,8,5,6,3,6,4,3,0,6,2,7,2,7,2,7
A,4,7,7,5,5,7,6,2,4,6,1,6,3,5,3,7
A,4,11,8,8,6,9,5,1,4,7,2,6,3,8,6,6
A,4,9,6,7,4,8,2,2,3,7,1,8,2,7,3,6
A,5,11,8,8,6,6,3,2,3,4,2,7,5,5,5,5
A,4,10,7,8,5,11,2,2,2,9,2,9,4,5,4,8
A,2,2,4,3,2,8,2,1,1,7,2,8,2,7,3,7
A,2,4,4,2,2,10,2,2,2,9,2,8,2,6,2,8
A,2,4,3,3,1,11,3,3,2,11,2,9,1,6,2,9
A,5,11,5,6,4,10,3,4,2,10,5,11,5,3,5,10
A,2,8,4,6,2,12,2,4,3,11,2,10,2,6,4,9
A,2,4,3,3,1,11,3,2,2,9,2,9,1,6,2,8
A,3,9,6,7,4,12,3,2,2,9,2,9,2,6,2,8
A,9,13,8,8,4,10,0,3,2,10,4,12,3,5,4,8
A,2,9,4,6,2,7,4,3,2,6,1,8,2,7,2,8
A,3,3,5,5,2,6,4,3,1,6,1,8,3,7,2,7
A,3,9,4,6,3,7,4,3,1,6,2,8,2,7,3,8
A,4,11,6,8,3,9,3,3,3,8,1,9,3,6,3,9
A,3,11,5,8,4,8,5,3,0,7,1,8,2,7,3,8
A,4,10,7,8,5,12,3,2,2,9,2,9,2,6,2,8
A,2,7,4,5,2,12,3,4,3,12,2,9,2,6,3,9
A,1,0,2,0,0,8,3,2,0,7,2,8,2,6,1,8
A,2,4,4,3,2,7,2,2,1,6,2,8,2,7,3,6
A,3,3,5,4,2,8,2,2,2,6,2,8,2,7,2,7
A,7,11,7,6,4,10,1,4,2,11,6,14,4,5,5,11
A,3,11,6,8,4,11,4,2,3,9,2,9,3,7,3,8
A,5,9,6,7,4,7,4,3,1,7,2,8,3,8,3,8
A,3,5,5,4,2,6,3,2,2,5,2,7,3,4,3,8
A,2,4,3,3,1,11,3,3,2,11,2,9,2,6,2,9
A,3,8,5,6,3,12,2,3,2,11,2,9,2,6,3,9
A,3,8,5,6,3,12,3,3,2,11,1,9,2,6,2,9
A,4,9,6,7,4,12,3,3,2,10,1,9,2,7,3,8
A,2,7,4,5,2,9,3,2,2,8,1,8,2,6,3,8
A,5,9,7,7,5,8,3,1,2,6,2,7,3,5,4,7
A,3,4,5,3,2,10,2,2,1,8,2,9,4,5,2,9
A,3,8,5,6,5,8,8,6,4,6,6,8,3,7,6,4
A,2,1,3,2,1,8,2,2,1,7,2,8,2,7,2,7
A,5,6,7,5,5,8,8,3,5,7,8,8,5,9,4,6
A,4,10,5,8,4,6,5,3,1,6,1,8,2,7,2,7
A,7,15,7,8,5,10,2,5,2,11,5,12,6,3,6,10
A,3,8,5,6,3,9,3,1,2,7,2,8,2,6,2,7
A,4,11,5,8,4,8,5,3,0,7,1,8,2,6,3,8
A,5,9,7,8,6,6,8,2,4,7,7,9,8,7,4,8
A,4,8,6,6,3,9,2,2,2,7,1,8,2,7,3,7
A,5,7,8,6,6,9,7,3,5,6,8,6,4,10,4,5
A,4,11,7,9,4,11,3,2,3,9,2,9,5,5,3,9
A,3,9,6,6,2,8,4,3,2,7,1,8,3,7,3,8
A,2,3,4,4,1,10,5,3,1,8,1,8,2,7,2,8
A,3,6,6,8,2,9,4,3,2,8,1,8,3,7,2,8
A,3,10,5,8,4,11,3,2,2,9,2,9,3,5,3,8
A,3,8,6,6,4,11,2,2,2,9,2,9,3,5,3,8
A,1,3,2,2,1,10,3,2,1,9,2,9,1,6,1,8
A,2,7,4,4,2,7,4,3,2,6,1,8,3,6,2,7
A,3,5,5,4,2,9,2,1,2,8,2,9,2,6,2,8
A,5,8,8,7,7,7,8,2,4,7,8,9,8,6,4,8
A,3,9,5,6,4,8,2,1,2,6,2,7,3,6,4,7
A,2,1,3,1,0,7,4,2,0,7,1,8,2,6,1,7
A,3,8,5,6,2,11,2,4,3,11,2,10,2,6,3,8
A,2,1,4,3,2,8,1,2,2,8,2,8,3,6,3,7
A,4,10,6,8,4,9,2,2,3,8,2,8,3,6,4,7
A,2,9,4,6,3,11,2,1,2,9,3,9,2,6,3,8
A,4,10,7,7,2,5,5,3,1,5,1,7,3,7,2,7
A,3,2,5,3,2,6,2,2,2,5,2,8,2,6,2,6
A,5,9,6,7,7,8,8,8,4,6,6,8,3,8,8,4
A,3,5,6,6,2,8,3,3,2,7,1,8,3,6,3,8
A,6,9,8,8,7,7,7,2,4,7,8,10,8,7,4,8
A,2,6,4,4,2,8,4,2,1,7,2,8,2,6,2,8
A,5,11,8,9,5,12,3,3,3,10,1,9,3,7,4,9
A,1,3,3,2,1,6,3,2,2,5,2,8,1,6,1,7
A,1,3,2,2,1,10,2,2,1,9,2,9,1,6,2,8
A,5,13,5,7,4,11,2,4,2,11,4,11,5,3,4,10
A,2,4,4,2,2,11,2,3,2,10,2,10,2,6,2,9
A,5,11,8,8,4,8,2,2,3,6,2,7,5,7,6,8
A,6,10,8,8,8,7,8,8,4,6,5,9,3,7,8,5
A,3,7,5,6,4,7,8,2,4,7,8,9,5,8,3,6
A,3,9,6,7,4,11,3,1,2,8,3,9,4,5,3,8
A,3,7,5,5,2,12,3,4,3,11,2,10,2,6,3,9
A,2,2,4,4,2,8,2,2,2,8,2,8,2,6,3,7
A,3,11,5,8,3,13,4,5,3,12,1,8,2,6,4,9
A,5,10,9,7,6,7,5,2,4,5,1,6,5,7,5,5
A,4,9,6,6,3,11,2,3,3,10,2,9,2,6,3,8
A,3,8,5,5,2,7,4,3,1,7,1,8,3,7,2,8
A,3,9,5,6,3,6,3,2,3,5,2,8,2,6,3,6
A,7,10,9,8,9,8,6,7,4,7,6,9,6,8,8,3
A,3,5,5,4,4,7,8,3,4,7,8,8,5,10,3,6
A,4,4,6,6,2,6,7,3,0,6,0,8,2,7,1,7
A,5,7,7,5,7,7,8,8,4,7,5,8,4,8,9,4
A,3,8,5,6,3,10,4,2,2,8,2,10,2,6,3,8
A,5,10,7,7,8,8,5,8,4,8,6,8,3,9,8,3
A,4,7,6,6,5,8,8,2,4,7,7,8,5,7,4,6
A,4,9,5,6,5,7,6,7,4,7,6,9,2,8,8,4
A,4,5,6,4,4,8,8,3,4,6,7,7,5,8,4,5
A,3,10,5,8,4,12,3,2,2,9,2,8,2,6,2,8
A,3,6,4,4,2,10,2,2,3,8,2,8,2,6,2,8
A,1,3,3,2,1,11,2,3,2,10,2,9,1,6,2,8
A,2,5,4,3,2,7,3,1,2,6,2,8,3,5,2,8
A,3,4,5,6,2,5,4,3,2,5,1,7,3,7,2,7
A,4,5,6,8,2,7,4,3,2,7,1,8,3,6,3,8
A,2,4,4,3,2,11,2,2,2,9,2,9,2,6,2,8
A,8,15,6,8,4,8,3,3,2,7,4,11,5,5,4,7
A,2,6,3,4,2,9,4,2,0,8,2,8,2,6,1,8
A,2,1,4,1,1,8,4,2,0,7,2,8,2,6,2,8
A,3,9,5,7,3,12,3,3,3,10,1,9,2,6,2,8
A,1,0,2,0,0,8,4,2,0,7,2,8,2,7,1,8
A,6,9,9,8,8,8,7,3,5,7,7,7,5,8,4,5
A,4,9,6,8,6,7,8,2,4,7,7,8,8,6,4,7
A,4,9,7,7,5,7,2,1,2,5,2,7,4,6,5,7
A,1,0,2,1,0,7,4,2,0,7,2,8,2,7,1,8
A,5,11,8,8,5,8,2,2,3,6,1,7,3,7,4,7
A,4,9,5,7,4,7,5,3,0,7,1,8,2,7,1,8
A,2,4,4,6,2,8,3,3,3,7,1,8,3,6,3,8
A,3,7,5,5,3,10,3,2,2,8,2,10,3,5,2,8
A,3,8,5,5,2,10,5,3,1,8,1,9,2,7,2,9
A,4,11,6,8,2,8,5,3,1,7,0,8,3,7,2,8
A,3,6,5,4,2,11,3,2,2,9,2,9,2,6,3,9
A,3,9,5,6,4,12,2,2,2,10,2,9,2,6,3,8
A,4,10,7,7,2,8,7,3,0,7,0,8,3,7,2,8
A,5,11,7,8,7,8,5,7,4,8,6,8,6,8,7,4
A,5,10,7,7,4,9,5,3,0,8,1,8,2,7,1,8
A,4,8,6,6,4,11,3,2,2,9,2,9,4,4,3,8
A,3,5,6,3,2,8,2,2,2,6,1,8,2,6,2,7
A,2,6,4,4,3,8,3,2,1,7,2,8,1,7,2,8
A,3,9,5,6,3,10,3,2,2,8,2,10,3,5,3,7
A,2,8,4,5,2,7,5,3,1,6,0,8,2,7,2,7
A,3,5,6,4,2,9,2,2,2,8,1,8,2,6,2,7
A,2,4,4,3,1,12,3,3,2,10,1,9,1,6,2,9
A,2,5,4,3,2,8,2,2,2,8,2,8,2,6,2,7
A,2,2,4,3,2,7,2,2,2,6,2,8,2,7,3,7
A,2,1,3,1,1,7,4,2,0,7,2,8,2,6,2,8
A,3,2,5,3,2,8,2,2,2,7,2,8,2,7,2,7
A,1,1,2,1,0,7,4,3,0,7,1,8,2,7,1,8
A,2,4,4,6,2,7,3,3,3,7,1,8,3,6,3,8
A,2,7,4,5,2,11,2,3,3,10,2,9,2,6,3,8
A,3,7,4,5,3,8,3,2,2,7,2,8,2,6,3,7
A,4,5,6,4,4,8,7,3,5,7,8,8,5,9,3,6
A,1,1,3,2,1,7,2,2,1,7,2,8,1,6,2,7
A,3,8,5,6,3,12,3,2,2,9,2,9,3,7,3,9
A,3,9,5,6,2,6,6,3,1,6,0,8,2,7,1,7
A,2,3,3,2,1,10,2,2,1,9,2,9,1,6,2,8
A,1,0,2,0,0,7,4,2,0,7,2,8,2,7,1,8
A,1,0,2,0,0,8,4,2,0,7,2,8,2,7,1,8
A,1,3,2,1,1,6,2,1,1,6,2,8,1,6,1,7
A,4,5,6,8,2,8,4,3,2,7,1,8,3,7,2,8
A,5,9,7,7,5,8,2,2,2,6,2,7,3,8,4,7
A,2,2,4,3,2,7,2,1,2,6,2,8,2,6,2,7
A,5,10,8,8,6,6,5,2,4,4,2,7,6,7,6,4
A,2,0,3,1,0,8,4,2,0,7,2,8,2,6,1,8
A,6,13,6,8,4,12,2,5,1,12,2,10,3,2,3,10
A,3,7,5,5,3,12,3,2,2,9,1,8,2,6,2,7
A,3,7,5,5,3,11,2,3,2,10,2,9,2,6,3,9
A,2,6,4,4,2,7,4,2,0,6,2,8,2,6,1,7
A,3,11,6,8,2,6,6,3,1,6,0,8,2,7,2,7
A,4,5,6,4,4,9,8,3,4,6,7,7,4,9,4,6
A,3,8,5,5,2,8,6,3,1,7,0,8,2,7,1,8
A,2,7,4,4,1,8,4,3,1,7,1,8,2,6,2,8
A,3,7,5,5,3,11,2,3,3,10,2,10,2,6,2,8
A,9,15,7,8,4,8,2,3,2,8,4,12,5,5,5,7
A,2,3,3,2,1,10,2,2,1,8,2,9,2,5,1,9
A,6,9,6,4,3,11,0,4,1,11,5,13,4,5,4,11
A,3,6,4,4,3,8,2,2,2,7,2,8,2,6,2,7
A,4,9,6,7,6,8,7,8,4,7,6,8,3,8,8,4
A,3,6,5,4,3,8,2,2,2,7,2,8,2,6,2,7
A,2,1,4,2,1,7,2,2,2,6,2,8,2,6,2,7
A,4,6,7,8,2,8,6,3,1,7,0,8,3,7,2,8
A,4,11,7,8,5,12,2,2,2,10,2,9,2,6,3,8
A,6,9,5,4,2,11,3,3,1,9,3,10,4,5,4,10
A,1,1,2,1,0,7,4,2,0,7,2,8,2,7,1,8
A,6,10,5,5,3,12,5,4,1,8,3,9,5,6,4,10
A,3,5,5,8,2,7,6,3,1,6,0,8,2,7,1,8
A,2,4,4,3,2,8,2,2,1,7,2,8,2,7,3,6
A,2,1,4,2,1,9,2,2,1,8,2,8,2,6,2,7
A,2,4,4,3,2,11,2,2,2,9,2,9,2,6,1,8
A,3,8,5,6,3,10,3,2,3,9,1,8,2,6,2,8
A,1,0,2,0,0,8,3,2,0,7,2,8,2,6,1,8
A,2,1,3,1,1,7,4,2,0,7,2,8,2,7,1,7
A,4,9,6,6,5,10,3,1,2,7,3,9,5,5,3,7
A,2,4,4,3,2,7,2,2,2,7,2,8,2,6,3,7
A,4,9,6,7,5,8,2,3,1,7,2,8,5,8,6,7
A,4,11,6,8,3,7,4,3,2,6,1,8,3,6,3,8
A,4,10,7,8,5,11,3,1,2,8,2,9,6,4,3,8
A,2,3,3,2,1,9,2,1,1,8,2,9,1,6,1,8
A,3,5,6,4,2,8,2,2,2,7,1,8,2,7,2,7
A,2,7,4,4,1,8,6,3,0,7,0,8,2,7,1,8
A,4,10,5,5,4,9,5,5,2,10,6,11,6,5,5,10
A,4,8,6,7,7,10,8,3,4,6,7,6,5,9,5,5
A,7,12,6,7,3,12,2,3,1,10,4,11,4,4,4,9
A,4,7,5,5,3,7,5,3,0,7,1,8,2,7,1,8
A,3,2,5,3,2,8,2,2,2,6,1,8,2,6,2,7
A,3,5,4,4,3,8,8,2,4,7,8,8,4,9,3,6
A,4,9,6,6,5,6,5,3,3,4,1,6,4,5,4,6
A,3,10,6,7,2,7,3,3,3,7,1,8,3,6,3,7
A,2,4,4,3,2,11,2,3,2,11,2,10,2,6,2,9
A,3,7,5,4,2,7,4,3,1,6,1,8,3,6,2,7
A,2,3,3,1,1,11,2,3,1,9,2,9,1,6,2,8
A,3,4,5,3,2,8,2,2,2,7,2,8,2,6,3,6
A,1,1,2,1,0,8,4,2,0,7,1,8,2,7,1,8
A,6,8,8,7,7,6,7,3,5,7,8,10,8,11,4,7
A,3,5,5,8,2,8,5,3,1,7,0,8,2,7,2,8
A,4,11,6,8,4,12,2,3,3,11,1,9,3,7,3,9
A,6,11,8,8,8,8,7,6,5,6,6,9,6,8,7,3
A,3,8,5,6,4,11,3,1,2,8,3,9,3,5,2,8
A,2,6,3,4,2,11,3,3,3,11,2,10,2,6,3,8
A,2,7,4,5,3,10,3,1,2,7,3,9,1,5,1,7
A,3,8,5,6,3,12,2,3,2,10,2,9,2,6,2,8
A,3,3,5,4,2,6,3,3,2,6,2,8,3,6,3,7
A,8,15,6,8,4,9,3,3,2,8,4,11,6,4,5,8
A,4,7,5,5,3,8,2,2,2,7,2,8,2,7,3,6
A,2,3,4,2,1,8,2,2,2,7,2,8,2,6,2,7
A,3,8,5,6,3,6,5,3,0,6,1,8,2,6,1,7
A,3,2,5,4,2,8,2,2,2,7,1,8,2,6,2,7
A,7,10,9,8,8,7,7,7,4,7,6,9,4,8,11,1
A,3,11,6,8,2,9,5,3,1,8,1,8,3,7,2,8
A,3,5,5,3,2,8,2,2,2,7,1,8,2,6,2,7
A,4,8,7,6,5,9,5,2,5,10,2,6,2,6,3,8
A,1,3,2,2,1,9,2,2,1,8,2,8,1,6,1,8
A,4,10,6,7,2,9,4,3,2,8,1,8,3,7,3,8
A,2,4,4,3,2,10,2,2,2,9,2,9,2,6,2,8
A,5,10,5,5,3,11,2,4,1,11,4,11,4,3,4,10
A,6,9,5,5,3,8,3,3,2,7,4,12,5,5,4,7
A,3,7,5,5,3,6,3,2,2,4,2,7,2,5,2,6
A,4,9,6,7,6,8,9,8,5,6,5,8,3,6,7,5
A,3,6,6,4,3,7,5,2,3,6,2,6,2,6,3,5
A,7,11,5,6,3,10,0,2,2,10,4,12,3,4,3,8
A,2,9,4,6,2,6,5,3,1,6,0,8,2,7,2,7
A,4,11,6,8,2,7,6,3,1,7,0,8,3,7,1,8
A,4,10,7,7,2,7,7,3,0,6,0,8,2,7,2,8
A,3,5,5,4,2,7,2,1,2,6,2,8,3,5,3,7
A,2,7,4,5,2,8,4,2,1,7,1,8,2,6,1,8
A,4,11,7,8,4,12,4,3,3,9,1,9,3,8,3,9
A,3,11,5,8,4,11,4,2,3,9,2,9,3,7,3,7
A,6,11,6,6,4,12,3,5,2,11,3,10,6,4,4,10
A,3,8,5,6,3,11,2,2,2,9,2,9,2,6,3,7
A,2,1,3,1,0,7,4,2,0,7,2,8,2,7,1,8
A,6,14,5,8,4,9,4,3,2,8,4,11,6,6,4,8
A,4,10,6,8,4,7,5,3,1,7,1,8,2,7,2,8
A,3,9,5,6,3,10,3,2,2,8,3,10,2,6,3,7
A,7,10,10,9,8,6,8,3,6,7,8,10,6,8,4,8
A,3,7,5,5,3,12,3,3,2,10,1,9,2,6,2,8
A,3,8,5,6,3,11,3,2,2,8,2,9,2,5,2,8
A,6,11,8,9,9,8,7,8,3,7,6,8,3,8,9,3
A,3,9,5,6,4,8,2,1,2,7,2,7,2,7,3,6
A,4,11,6,8,4,12,2,4,3,11,1,9,3,7,3,9
A,3,7,5,5,3,11,2,2,2,8,3,9,3,5,3,8
A,4,8,6,6,3,9,3,2,3,8,1,8,2,6,3,7
A,3,10,5,8,3,13,4,5,3,12,0,8,2,6,3,9
A,2,5,4,4,2,10,2,2,2,9,2,9,2,6,2,8
A,3,8,6,5,2,8,5,3,1,7,1,8,2,7,2,8
A,4,11,7,8,6,10,3,1,2,8,3,9,5,5,3,7
A,3,6,5,4,3,8,3,2,2,6,2,7,2,6,2,6
A,1,0,2,0,0,7,4,2,0,7,2,8,2,7,1,8
A,5,11,7,8,5,7,4,3,0,7,1,8,3,8,3,7
A,3,5,5,5,4,8,8,2,4,7,7,8,5,9,4,7
A,2,4,4,3,2,9,2,2,2,9,2,8,2,6,3,8
A,5,11,8,8,5,12,2,3,3,10,1,9,3,7,4,8
A,4,11,7,8,4,11,2,2,3,9,2,9,5,6,3,9
A,2,6,3,4,2,9,5,2,0,8,2,8,2,6,1,8
A,6,10,7,7,7,8,8,6,5,6,5,8,5,7,7,5
A,2,3,4,5,1,8,6,3,1,7,0,8,2,7,1,8
A,2,4,4,3,2,10,2,2,2,9,2,9,2,6,2,8
A,5,11,8,8,5,9,3,2,3,8,1,8,2,7,3,7
A,5,9,6,7,4,9,4,3,1,8,1,9,2,7,3,8
A,7,11,6,6,3,11,2,3,1,9,4,11,4,4,4,9
A,3,8,5,6,2,7,6,3,1,7,0,8,2,7,1,8
A,1,0,2,1,0,8,4,2,0,7,2,8,1,7,1,8
A,2,3,3,2,1,10,2,2,1,9,2,9,1,6,1,8
A,6,10,9,8,9,8,8,8,4,6,6,8,3,8,8,4
A,3,9,6,7,5,8,5,0,4,6,3,7,2,7,4,5
A,3,6,5,4,1,9,4,3,1,7,1,8,3,6,2,8
A,4,6,5,4,5,7,6,7,4,7,6,9,2,9,8,4
A,4,9,6,7,4,10,3,2,2,8,2,10,5,5,3,8
A,4,9,3,4,2,11,5,4,1,8,4,9,4,6,4,9
A,6,7,8,6,6,7,7,3,6,7,8,9,5,10,3,6
A,2,6,4,4,2,8,3,2,2,7,1,8,2,7,3,7
A,3,5,6,4,2,10,2,2,2,8,2,9,4,6,2,9
A,4,9,7,7,4,9,3,2,3,6,1,7,2,6,2,7
A,2,8,4,6,2,7,6,3,1,6,0,8,2,7,1,7
A,4,5,6,4,5,7,8,3,5,7,8,9,7,10,3,7
A,2,7,4,4,1,7,6,3,1,6,0,8,2,6,1,8
A,4,11,6,8,3,5,4,3,3,5,1,7,3,6,3,7
A,2,2,4,3,2,8,3,2,3,8,1,8,2,6,2,7
A,4,11,6,8,4,7,5,3,0,6,1,8,2,7,1,8
A,5,11,8,8,4,10,2,2,3,9,1,8,3,7,4,8
A,4,10,6,8,5,12,3,2,2,9,2,8,2,6,2,8
A,5,11,7,8,7,8,7,7,4,7,6,9,3,8,8,3
A,2,4,4,6,2,7,3,3,3,7,1,8,3,6,3,8
A,3,4,5,3,2,10,2,2,2,9,2,9,2,6,2,8
A,2,7,4,5,2,10,3,2,2,9,2,9,2,6,2,8
A,3,11,6,8,3,11,2,3,3,10,1,9,3,7,3,8
A,3,7,5,5,3,12,2,2,2,10,2,9,2,6,3,8
A,2,6,4,4,2,12,3,4,2,11,1,8,2,6,2,9
A,3,8,6,6,3,11,2,2,3,9,2,9,3,5,3,8
A,3,3,5,5,2,9,4,3,1,8,1,8,2,7,2,8
A,3,8,5,6,2,8,5,3,1,7,0,8,2,7,2,8
A,5,11,7,8,3,9,3,3,3,7,2,9,3,7,3,9
A,1,1,2,1,0,7,4,3,0,7,1,8,2,7,1,8
A,3,2,5,3,2,8,2,2,2,7,1,8,2,6,2,7
A,2,8,4,6,3,13,3,4,2,11,1,8,2,6,3,9
A,4,11,7,8,3,7,4,3,2,7,1,8,3,6,3,8
A,3,9,5,7,4,12,3,2,2,10,2,9,2,6,3,7
A,3,8,5,6,5,8,7,7,4,7,6,9,5,7,7,4
A,4,8,6,7,6,9,8,3,4,6,7,7,5,8,5,5
A,4,10,5,7,4,7,5,3,0,7,1,8,2,7,3,8
A,5,9,7,7,4,8,5,3,0,6,1,8,2,7,1,8
A,3,9,5,6,3,10,3,2,2,8,2,10,3,5,3,7
A,4,9,3,4,2,13,3,4,1,10,3,10,3,5,3,10
A,3,1,5,3,2,8,2,2,2,7,1,8,2,7,2,7
A,1,0,2,0,0,7,3,2,0,7,2,8,2,6,1,8
A,2,3,4,2,2,9,1,2,1,8,2,10,2,6,2,7
A,3,9,4,7,3,6,4,2,1,6,1,8,2,6,2,7
A,3,6,5,8,2,7,6,3,1,7,0,8,3,7,1,8
A,3,8,5,6,3,8,3,2,2,6,1,8,2,6,2,7
A,6,8,8,7,7,8,7,4,6,7,9,6,5,11,4,5
A,4,9,6,6,2,7,6,3,1,7,0,8,3,7,2,8
L,2,3,3,4,1,0,1,5,6,0,0,6,0,8,0,8
L,1,3,3,1,1,6,4,1,7,8,3,10,0,7,2,9
L,3,6,3,4,1,1,0,6,6,0,1,5,0,8,0,8
L,5,10,6,8,5,9,3,2,6,9,2,9,2,5,3,9
L,2,3,2,4,1,0,1,5,6,0,0,6,0,8,0,8
L,6,11,9,8,11,7,7,3,6,6,7,11,6,11,9,7
L,4,8,6,6,4,6,5,2,8,7,2,8,1,6,3,7
L,2,3,3,2,1,6,4,1,8,7,2,10,0,7,2,8
L,3,5,4,5,3,8,7,4,5,7,6,8,3,8,7,10
L,3,6,4,4,2,5,4,3,8,3,2,6,1,6,2,5
L,4,8,6,6,4,6,5,1,9,7,2,10,0,6,3,8
L,3,6,4,4,2,5,5,1,9,6,2,11,0,8,3,7
L,5,11,5,6,3,7,5,3,5,12,7,11,3,8,6,9
L,4,8,4,6,1,0,0,6,6,0,1,4,0,8,0,8
L,4,11,5,8,4,7,4,1,7,8,2,10,1,6,3,8
L,3,4,4,7,1,0,1,6,6,0,0,6,0,8,0,8
L,7,15,6,8,3,10,2,3,5,13,4,12,2,8,5,10
L,1,0,1,1,0,2,2,5,5,1,1,6,0,8,0,8
L,4,9,4,7,2,0,2,4,6,1,0,8,0,8,0,8
L,3,7,4,5,2,4,5,2,10,3,1,8,0,7,2,5
L,6,12,6,6,4,8,3,3,4,12,8,12,3,10,5,11
L,8,13,8,8,5,9,3,3,3,11,6,11,4,8,7,9
L,7,15,7,8,5,9,3,3,4,12,6,11,3,8,6,9
L,3,6,3,4,1,1,0,6,6,0,1,5,0,8,0,8
L,4,9,5,7,1,0,0,6,6,0,1,5,0,8,0,8
L,3,9,5,6,3,5,4,2,8,6,1,10,0,6,3,7
L,7,15,7,8,5,9,3,4,4,12,7,11,4,8,7,9
L,1,3,2,2,1,7,4,2,7,7,2,9,0,7,2,8
L,5,11,5,8,2,0,0,6,6,0,1,5,0,8,0,8
L,2,6,4,4,1,5,4,1,9,7,1,9,0,7,2,7
L,3,8,3,6,1,0,1,5,6,0,0,6,0,8,0,8
L,5,10,7,8,5,5,5,1,9,6,2,10,3,7,4,5
L,3,6,4,4,2,4,4,4,9,2,1,7,0,7,1,6
L,3,4,3,6,1,0,1,5,6,0,0,7,0,8,0,8
L,4,8,5,6,3,4,3,5,9,1,1,5,1,6,1,5
L,4,10,5,8,3,0,2,4,6,1,0,8,0,8,0,8
L,4,10,6,7,8,7,7,3,5,6,7,10,6,10,7,4
L,5,10,7,7,3,6,4,1,10,8,2,11,0,7,3,7
L,5,11,6,9,4,4,4,1,9,6,1,10,0,6,3,6
L,4,10,4,8,1,0,1,6,6,0,0,6,0,8,0,8
L,1,3,3,2,1,6,4,1,7,7,2,10,0,7,2,8
L,5,11,7,8,5,5,3,6,8,2,2,4,1,6,1,5
L,3,6,3,4,1,0,1,6,6,0,1,5,0,8,0,8
L,4,8,5,6,3,3,4,2,8,2,1,8,0,7,1,6
L,3,7,4,5,2,6,4,2,8,7,2,10,0,7,2,8
L,2,6,2,4,0,0,2,5,6,0,0,7,0,8,0,8
L,2,5,4,4,2,7,4,1,8,8,2,10,0,7,2,8
L,4,9,5,4,3,9,4,3,4,12,7,11,3,10,4,10
L,2,6,3,4,2,3,4,3,8,2,1,8,0,7,1,6
L,3,7,4,5,3,5,5,2,8,7,2,9,1,7,3,7
L,3,6,5,4,5,8,8,3,5,5,7,9,6,11,6,5
L,2,1,2,3,1,4,4,5,7,2,2,5,1,7,1,6
L,2,7,3,5,2,5,5,3,8,3,2,7,0,6,2,6
L,5,10,7,8,4,7,3,2,9,7,1,9,1,6,3,7
L,2,4,4,3,2,6,4,1,8,8,2,11,0,7,2,8
L,3,7,3,5,1,0,1,5,6,0,0,6,0,8,0,8
L,7,11,6,6,3,10,2,4,4,12,5,13,2,7,5,9
L,10,15,8,8,4,9,2,4,5,12,4,13,2,7,6,8
L,3,8,4,6,1,0,0,6,6,0,1,5,0,8,0,8
L,7,10,9,8,7,6,7,7,7,6,6,8,6,8,5,10
L,3,7,4,5,2,4,5,1,9,7,2,11,0,8,2,7
L,5,10,7,8,4,7,3,2,9,7,1,9,1,6,3,7
L,1,4,2,3,1,7,4,1,7,7,2,10,0,7,2,8
L,4,6,5,4,3,6,6,7,6,6,6,8,2,8,4,10
L,3,9,5,7,7,7,8,3,5,6,6,10,6,11,7,5
L,2,6,2,4,1,0,1,5,6,0,0,7,0,8,0,8
L,4,11,6,8,8,7,8,3,5,6,6,10,6,11,7,5
L,5,11,7,8,9,8,7,3,5,6,7,9,7,10,7,6
L,2,6,2,4,1,0,2,5,6,0,0,7,0,8,0,8
L,8,12,8,6,4,8,4,4,5,12,8,11,3,9,6,9
L,4,9,4,5,2,9,3,4,5,12,4,13,2,6,5,9
L,1,3,3,1,1,6,4,1,7,7,2,9,0,7,2,8
L,7,13,6,7,3,7,4,3,6,11,4,13,2,7,6,8
L,5,10,6,8,4,7,4,2,8,7,1,8,1,6,3,7
L,3,7,4,5,3,5,4,5,7,2,2,5,1,6,1,5
L,1,4,2,3,1,6,4,2,7,7,2,9,0,7,2,8
L,4,8,6,7,6,7,6,5,5,7,7,7,3,9,8,11
L,4,10,6,8,3,7,4,0,9,9,2,10,0,7,3,8
L,3,6,4,5,4,8,6,5,5,7,7,9,3,8,7,10
L,3,5,4,4,2,4,4,4,8,2,1,6,0,7,1,6
L,5,11,5,8,3,0,1,5,6,0,0,7,0,8,0,8
L,5,10,5,5,3,8,5,3,5,12,7,11,2,9,6,9
L,2,7,3,5,1,0,2,3,5,1,0,8,0,8,0,8
L,4,10,6,8,3,3,4,3,10,2,0,7,0,7,1,5
L,5,12,5,7,3,10,2,3,4,12,4,11,2,8,4,10
L,2,5,2,3,1,4,3,3,7,2,2,6,0,7,0,6
L,3,7,5,5,3,7,4,1,7,8,2,9,1,6,2,8
L,9,14,9,8,5,7,4,4,5,12,8,12,4,9,6,10
L,4,6,5,6,4,7,7,4,5,7,6,8,2,9,7,10
L,3,9,4,6,2,7,4,0,9,9,2,11,0,7,2,8
L,3,7,5,5,2,6,3,2,8,7,2,10,0,7,2,8
L,2,5,3,3,1,4,4,4,7,2,2,6,1,7,1,6
L,2,3,2,5,1,0,1,5,6,0,0,7,0,8,0,8
L,2,7,4,5,5,7,8,2,4,6,7,10,5,11,6,5
L,2,3,2,5,1,0,1,5,6,0,0,7,0,8,0,8
L,2,6,4,4,2,6,4,3,8,6,2,7,1,6,2,7
L,5,11,6,8,4,10,3,2,7,9,2,9,4,5,5,9
L,4,9,5,7,3,6,4,4,8,5,2,6,1,6,2,6
L,2,5,4,3,2,7,4,1,8,8,2,10,0,7,3,8
L,3,8,4,6,2,4,3,6,7,1,1,5,1,6,1,6
L,2,4,3,3,1,5,4,4,7,2,2,5,1,7,1,6
L,1,0,1,0,0,2,2,5,4,1,2,6,0,8,0,8
L,4,3,4,5,1,1,0,6,6,0,1,4,0,8,0,8
L,2,4,3,2,1,6,4,1,8,7,2,10,0,7,2,8
L,6,11,6,6,3,8,4,3,5,12,7,12,3,8,6,9
L,5,9,6,6,5,6,7,7,5,6,6,9,6,8,5,11
L,4,10,6,8,4,5,5,1,9,6,2,10,1,7,3,7
L,4,7,5,5,6,6,7,3,6,7,7,11,6,11,6,5
L,6,11,8,8,10,7,7,3,6,6,7,11,6,11,7,5
L,3,9,5,6,6,7,8,3,6,5,7,10,5,12,6,5
L,6,10,7,8,6,6,6,7,6,6,5,8,5,7,4,10
L,2,5,4,4,2,7,4,1,7,9,2,10,0,7,2,8
L,5,11,4,6,2,5,5,3,7,9,4,12,2,6,5,7
L,3,10,3,8,1,0,1,5,6,0,0,7,0,8,0,8
L,2,5,4,4,2,6,4,1,8,8,2,10,0,7,2,8
L,7,15,6,8,3,8,4,3,6,11,4,12,2,7,6,9
L,2,3,3,2,1,6,4,2,8,8,2,10,0,7,2,8
L,3,7,4,5,3,6,5,7,6,6,6,9,2,8,4,10
L,6,11,6,6,3,6,6,5,5,12,9,11,3,10,6,9
L,3,6,4,6,4,8,6,5,5,6,7,8,3,8,8,11
L,4,8,5,6,4,3,4,4,7,2,0,8,0,6,1,6
L,5,9,6,7,5,5,6,5,6,6,5,9,8,7,4,10
L,2,6,3,4,1,0,1,5,6,0,0,6,0,8,0,8
L,3,2,3,3,2,4,4,5,7,2,1,6,1,7,1,6
L,3,3,3,4,1,1,0,6,6,0,1,5,0,8,0,8
L,2,3,3,2,1,7,4,1,8,8,2,10,0,7,2,8
L,5,11,6,8,4,3,4,3,9,2,0,8,0,7,1,5
L,5,10,5,5,3,10,3,3,3,11,6,10,3,10,4,10
L,2,7,3,5,2,4,4,6,7,2,2,5,1,6,1,6
L,2,6,2,4,1,0,1,5,6,0,0,6,0,8,0,8
L,5,9,5,5,3,7,5,3,6,11,6,11,2,7,6,8
L,5,11,6,8,2,0,0,7,6,0,1,4,0,8,0,8
L,2,4,3,6,1,0,1,5,6,0,0,7,0,8,0,8
L,2,6,4,4,2,4,5,1,8,6,2,10,0,7,2,7
L,3,8,4,6,2,0,2,4,6,1,0,7,0,8,0,8
L,1,0,1,1,0,2,2,5,5,1,1,6,0,8,0,8
L,3,10,3,8,1,0,1,5,6,0,0,7,0,8,0,8
L,4,9,6,6,3,7,3,2,8,7,2,8,1,6,2,7
L,5,10,5,5,3,5,7,3,7,12,8,11,2,8,6,7
L,5,10,7,8,4,7,3,1,9,9,2,11,0,7,3,9
L,4,8,5,6,2,5,3,1,9,6,1,10,0,7,2,7
L,7,11,9,9,7,9,7,8,6,6,6,7,6,7,9,15
L,4,9,4,7,1,0,0,6,6,0,1,5,0,8,0,8
L,3,9,5,7,3,5,5,2,8,6,1,10,0,6,3,7
L,7,10,9,7,7,6,6,9,5,6,6,9,3,7,6,13
L,3,6,4,4,2,5,3,5,8,2,2,4,1,6,1,5
L,4,11,6,8,3,4,4,1,10,6,1,11,0,7,3,6
L,2,6,3,4,1,0,1,5,6,0,0,6,0,8,0,8
L,3,2,4,3,2,4,4,5,7,2,2,5,1,6,1,6
L,5,11,7,8,5,9,3,1,8,9,2,10,3,6,5,10
L,1,0,1,1,0,2,2,5,5,1,1,6,0,8,0,8
L,4,10,5,8,7,8,8,3,5,5,7,9,5,11,9,10
L,4,11,5,8,3,9,2,2,7,9,2,10,1,5,3,9
L,2,3,2,2,1,4,4,4,7,2,2,6,0,7,1,6
L,3,7,5,6,4,8,5,5,4,6,7,8,3,8,8,11
L,2,2,3,4,1,3,4,3,8,2,1,7,0,7,1,6
L,0,0,1,0,0,2,2,5,4,1,2,6,0,8,0,8
L,2,3,3,2,1,5,4,5,8,3,2,6,1,7,1,6
L,1,4,3,3,1,6,5,2,9,7,2,10,0,7,3,7
L,3,2,4,3,2,5,4,5,7,2,2,5,1,7,1,6
L,4,11,6,9,5,8,4,0,8,9,3,10,2,5,3,9
L,5,11,5,6,3,7,4,3,5,11,7,12,3,7,6,8
L,2,5,4,3,2,7,3,2,8,8,2,9,1,7,3,8
L,1,3,2,1,1,7,3,1,6,9,3,10,0,7,2,9
L,2,5,4,4,2,6,4,1,8,8,2,10,0,7,2,8
L,4,9,4,7,2,0,2,4,6,1,0,8,0,8,0,8
L,3,7,4,5,2,6,4,1,9,8,2,11,0,7,2,8
L,9,15,8,8,4,9,2,4,5,12,4,13,2,7,6,8
L,4,10,4,8,1,0,0,6,6,0,0,5,0,8,0,8
L,6,14,6,8,4,8,4,3,4,12,8,11,4,9,6,10
L,4,8,5,6,2,3,1,7,9,0,1,3,0,7,1,5
L,6,15,6,8,4,7,5,3,5,11,7,11,3,8,6,9
L,5,11,6,8,5,3,4,3,8,2,0,8,0,7,1,5
L,2,2,3,4,2,4,4,5,7,2,2,5,1,6,1,6
L,3,7,3,5,1,0,1,6,6,0,1,6,0,8,0,8
L,5,11,7,8,4,7,3,2,8,7,2,8,1,6,3,7
L,5,7,6,5,4,6,6,7,7,5,6,10,2,8,4,10
L,4,10,4,8,1,0,1,5,6,0,0,6,0,8,0,8
L,3,3,4,5,1,1,0,6,6,0,1,5,0,8,0,8
L,5,10,5,8,3,0,1,5,6,0,0,7,0,8,0,8
L,4,10,6,7,4,8,4,0,8,10,3,10,0,7,3,9
L,2,3,2,2,1,4,3,4,8,2,2,5,0,7,1,6
L,4,9,5,7,3,3,4,3,9,2,0,7,0,7,1,5
L,1,3,2,1,0,6,4,1,7,8,2,10,0,7,2,9
L,3,4,4,6,1,0,0,6,6,0,1,5,0,8,0,8
L,4,5,5,4,2,4,4,5,8,2,2,5,1,6,1,5
L,4,9,5,8,6,7,6,5,4,7,7,8,2,9,7,10
L,1,0,2,1,0,2,1,6,5,0,2,5,0,8,0,8
L,3,7,5,5,3,7,3,2,7,8,2,9,2,5,3,8
L,4,8,4,6,2,0,1,5,5,0,1,6,0,8,0,8
L,4,10,6,7,7,6,7,3,6,7,7,11,5,11,6,5
L,3,7,4,5,2,5,4,1,9,7,2,10,0,7,2,7
L,5,9,5,5,3,10,4,3,3,12,7,11,3,10,4,10
L,7,14,7,8,4,6,5,4,5,12,9,11,3,9,7,8
L,2,1,3,2,1,4,3,5,6,2,3,4,1,7,0,6
L,3,7,5,5,2,5,4,2,10,6,1,9,0,7,3,6
L,1,4,3,3,1,6,5,1,6,8,3,10,1,7,2,9
L,3,3,3,5,1,0,1,6,6,0,1,5,0,8,0,8
L,3,10,4,7,4,3,4,4,7,2,0,8,0,6,1,6
L,5,11,6,8,4,3,4,4,9,2,0,7,0,7,1,5
L,6,9,8,8,7,7,7,4,6,7,7,8,3,8,9,10
L,2,2,3,4,2,4,4,4,7,2,1,6,0,7,1,6
L,2,5,4,4,2,7,3,1,8,9,2,10,0,7,2,8
L,3,7,4,5,3,7,4,1,7,8,2,10,0,7,2,8
L,1,3,2,1,1,6,4,1,7,8,3,10,0,7,2,8
L,5,11,7,9,6,8,4,0,7,9,3,10,1,6,2,9
L,1,4,2,3,1,7,3,1,6,8,2,10,0,7,2,8
L,4,10,5,7,4,4,4,3,8,2,1,7,0,6,1,6
L,5,11,8,9,9,7,8,3,6,5,7,11,5,11,9,7
L,1,3,2,2,1,7,4,1,7,8,2,9,0,7,2,8
L,2,7,2,5,1,0,1,5,6,0,0,7,0,8,0,8
L,5,10,6,8,4,5,3,6,9,1,1,4,1,6,1,5
L,2,3,3,5,1,0,1,5,6,0,0,7,0,8,0,8
L,3,10,3,7,1,0,1,5,6,0,0,7,0,8,0,8
L,2,4,4,3,1,6,4,1,8,8,2,10,0,7,2,8
L,3,7,4,5,2,4,4,3,8,2,1,7,0,7,1,6
L,6,15,6,8,4,5,7,4,6,12,9,12,3,8,7,7
L,2,4,4,3,2,7,4,1,8,8,2,10,0,7,2,8
L,2,6,3,4,2,5,4,3,7,6,2,8,1,6,2,7
L,3,6,3,4,1,0,1,6,6,0,0,6,0,8,0,8
L,5,11,6,8,5,5,6,0,9,4,3,8,3,7,2,5
L,2,5,3,4,2,6,5,1,8,7,2,10,0,7,3,8
L,2,3,4,2,1,7,3,1,6,8,2,10,1,6,3,8
L,1,0,1,0,0,2,1,5,4,1,2,5,0,8,0,8
L,4,9,6,6,4,5,5,2,9,4,2,7,3,7,2,5
L,3,5,4,3,2,4,4,4,8,2,1,6,1,7,1,6
L,2,4,4,3,2,7,4,1,8,8,2,10,0,7,2,8
L,2,5,3,4,2,4,4,4,7,2,1,6,0,7,1,6
L,2,7,4,5,3,9,3,1,5,9,3,9,1,6,2,9
L,3,4,3,6,1,0,1,5,6,0,0,7,0,8,0,8
L,5,11,7,8,5,6,5,0,9,9,3,11,0,7,3,8
L,3,6,4,4,2,7,3,2,9,7,1,9,0,7,2,8
L,3,8,4,6,3,5,4,2,9,3,2,7,3,7,2,5
L,4,8,5,6,6,8,8,3,5,6,7,9,6,11,6,6
L,2,3,3,5,1,0,1,5,6,0,0,7,0,8,0,8
L,1,3,2,1,1,6,5,1,7,8,3,10,0,7,2,8
L,1,4,2,2,1,7,4,1,7,8,2,10,0,7,2,8
L,2,7,2,5,1,0,1,5,6,0,0,7,0,8,0,8
L,4,10,5,8,3,3,5,1,9,6,1,11,0,7,3,6
L,3,8,4,6,1,0,1,6,6,0,0,6,0,8,0,8
L,1,0,1,0,0,2,2,5,4,1,2,6,0,8,0,8
L,3,3,3,5,1,0,1,6,6,0,1,6,0,8,0,8
L,4,5,5,5,4,8,7,4,5,7,6,8,3,8,8,11
L,2,6,2,4,1,0,2,5,6,0,0,7,0,8,0,8
L,3,7,5,5,2,6,3,2,8,7,2,7,1,6,2,7
L,6,12,5,6,3,10,2,2,5,11,4,11,2,9,4,11
L,4,8,5,6,3,6,4,3,7,6,1,8,1,6,3,7
L,4,9,4,4,2,8,5,3,5,12,7,11,2,8,6,8
L,4,9,4,7,1,0,0,6,6,0,0,5,0,8,0,8
L,2,1,2,2,1,5,3,5,7,2,2,4,1,7,1,6
L,3,9,4,6,3,3,5,1,8,3,1,9,0,7,1,6
L,3,9,5,6,3,8,3,0,8,10,3,11,0,7,2,9
L,1,3,2,2,1,7,4,1,7,8,2,10,0,7,2,8
L,4,9,6,7,3,6,3,2,9,7,1,9,0,6,2,7
L,4,11,5,8,3,9,2,1,7,9,2,10,1,6,3,9
L,2,6,2,4,0,0,2,5,6,0,0,7,0,8,0,8
L,3,6,5,4,2,5,5,1,9,7,2,11,0,7,3,7
L,1,0,1,0,0,2,1,6,4,0,3,4,0,8,0,8
L,3,10,4,7,1,0,1,5,6,0,0,7,0,8,0,8
L,2,7,4,5,4,7,7,3,4,7,6,10,5,10,6,5
L,4,9,4,7,3,0,2,4,6,1,0,8,0,8,0,8
L,4,10,4,8,1,0,1,6,6,0,0,6,0,8,0,8
L,1,3,3,2,1,6,4,1,7,7,2,9,0,7,2,8
L,4,7,5,5,3,7,4,1,8,8,2,10,0,6,2,8
L,2,7,2,5,1,0,1,5,6,0,0,7,0,8,0,8
L,5,11,4,6,2,10,2,3,4,13,4,11,2,8,5,9
L,5,9,7,7,3,6,4,1,9,8,2,10,0,7,2,8
L,5,10,7,8,9,7,7,3,5,7,7,10,6,11,6,6
L,2,7,4,5,2,9,4,1,6,9,3,10,0,6,2,10
L,3,6,3,4,1,0,1,6,6,0,1,5,0,8,0,8
L,1,0,1,0,0,3,1,6,4,1,3,4,0,8,0,8
L,2,2,3,3,2,4,4,4,7,2,1,6,1,7,1,6
L,4,9,6,7,7,7,7,3,6,8,7,10,7,10,7,5
L,3,6,3,4,1,1,0,6,6,0,1,5,0,8,0,8
L,4,10,4,7,1,0,1,5,6,0,0,6,0,8,0,8
L,3,3,3,5,1,0,1,6,6,0,0,6,0,8,0,8
L,2,2,3,3,1,4,4,3,7,2,1,7,0,7,1,6
L,8,13,7,7,3,6,4,3,7,10,4,13,3,5,6,8
L,2,7,3,5,1,0,1,4,5,1,1,7,0,8,0,8
L,3,6,4,4,3,6,7,9,5,6,6,9,3,8,5,11
L,5,11,5,8,2,0,0,6,6,0,1,5,0,8,0,8
L,5,5,5,7,1,0,0,7,6,0,1,4,0,8,0,8
L,1,3,2,2,1,7,4,2,7,7,2,9,0,7,2,8
L,4,9,6,7,4,9,4,1,7,9,2,10,3,6,4,9
L,6,9,8,7,6,6,6,8,6,6,6,9,6,7,5,11
L,4,6,6,4,4,6,6,7,6,6,6,9,2,8,5,10
L,3,8,5,6,4,4,4,4,7,2,1,6,1,6,1,6
L,1,3,2,1,1,6,4,1,8,8,3,10,0,7,2,8
L,4,8,5,7,5,8,5,4,4,6,7,7,3,8,8,11
L,4,11,6,8,4,7,4,2,7,8,2,9,2,5,3,7
L,4,8,6,6,3,5,4,1,10,7,2,11,0,7,3,7
L,2,1,3,2,1,4,4,4,8,2,1,6,0,7,1,6
L,1,3,3,2,1,7,4,1,7,8,2,10,0,7,2,8
L,2,3,2,4,1,0,2,5,6,0,0,7,0,8,0,8
L,1,3,2,1,1,6,4,0,6,8,3,10,0,7,1,8
L,2,7,3,5,3,4,4,4,6,3,1,7,1,6,1,6
L,2,5,3,4,2,4,4,4,7,2,1,6,0,7,1,6
L,6,10,5,5,3,9,2,3,3,11,8,11,3,10,4,10
L,4,9,4,4,2,10,4,3,3,11,6,10,3,10,4,10
L,2,6,4,4,2,9,4,1,7,10,3,10,0,7,2,10
L,2,6,3,4,2,4,5,1,9,3,2,8,0,7,2,5
L,4,11,4,8,3,0,2,4,6,1,0,8,0,8,0,8
L,3,8,4,6,3,5,5,2,8,6,2,10,0,7,3,7
L,4,11,6,8,4,6,5,1,9,7,2,10,0,7,3,8
L,3,9,5,7,2,7,3,2,8,7,2,9,1,6,2,8
L,3,6,4,4,2,5,5,1,9,6,2,10,0,7,2,7
L,5,9,7,7,5,8,4,1,8,9,2,10,1,6,3,9
L,2,2,3,4,2,5,4,5,7,2,2,5,1,6,1,6
L,4,4,4,6,1,0,0,6,6,0,1,5,0,8,0,8
L,3,7,5,6,4,6,8,4,6,7,6,9,2,8,8,9
L,4,9,6,7,3,8,4,1,8,9,2,10,0,6,2,9
L,5,10,5,7,2,0,1,5,6,0,0,7,0,8,0,8
L,3,7,4,5,1,0,0,6,6,0,1,5,0,8,0,8
L,4,7,5,5,3,7,4,1,8,8,2,10,0,7,2,8
L,3,8,5,6,3,7,4,0,7,8,3,10,0,7,2,8
L,6,15,6,8,3,7,3,3,5,12,4,13,2,7,6,8
L,2,4,3,3,1,8,3,1,7,9,2,10,0,7,2,9
L,3,4,3,7,1,0,1,5,6,0,0,7,0,8,0,8
L,2,4,3,3,1,6,4,1,8,8,2,10,0,7,2,8
L,5,10,7,8,3,5,3,2,10,6,1,10,0,7,3,6
L,4,10,6,7,8,7,8,3,6,5,6,10,5,11,8,8
L,7,13,6,7,3,5,5,3,8,10,4,13,2,5,6,7
L,4,6,5,5,4,7,5,5,5,7,6,7,3,8,8,11
L,4,10,5,8,4,6,4,4,9,2,2,5,1,6,2,5
L,2,3,3,2,1,4,4,4,7,2,2,6,0,7,1,6
L,3,10,4,7,1,0,1,5,6,0,0,7,0,8,0,8
L,4,9,5,6,2,7,4,0,9,9,2,10,0,7,2,8
L,3,8,5,6,3,8,4,1,8,9,3,10,0,7,2,9
L,4,7,5,5,3,6,4,5,9,2,2,4,1,6,2,5
L,3,9,5,7,3,7,5,1,7,8,2,10,0,6,2,8
L,3,7,4,5,3,5,5,2,8,3,2,7,0,7,1,5
L,4,10,5,8,3,5,3,6,8,1,2,4,1,6,1,5
L,3,8,4,6,3,7,3,4,6,6,2,7,1,6,2,7
L,4,9,6,6,3,5,4,3,9,6,1,7,1,6,3,6
L,7,12,7,6,4,6,6,4,6,12,9,11,3,8,7,8
L,4,9,6,7,4,7,4,1,8,8,2,10,0,7,3,8
L,6,12,6,7,3,7,4,3,6,11,4,13,3,6,6,8
L,1,0,1,1,0,2,1,5,5,0,2,5,0,8,0,8
L,2,4,3,3,1,7,4,1,8,8,2,10,0,7,2,8
L,3,7,4,5,3,5,5,4,7,3,2,6,4,6,1,6
L,3,11,5,8,3,4,4,4,8,2,0,6,0,6,1,5
L,2,6,3,4,1,0,1,5,6,0,0,6,0,8,0,8
L,8,13,8,7,5,8,4,3,5,11,6,11,3,7,7,8
L,2,5,4,4,2,7,4,1,8,8,2,10,0,7,2,8
L,2,3,2,2,1,4,3,5,7,2,2,5,0,7,1,6
L,3,7,4,5,1,0,0,6,6,0,1,5,0,8,0,8
L,3,7,3,5,1,1,1,5,5,0,1,6,0,8,0,8
L,3,9,4,7,2,0,2,4,6,1,0,8,0,8,0,8
L,2,7,4,5,5,8,8,3,4,6,6,9,5,11,6,5
L,2,7,3,5,1,0,1,5,6,0,0,7,0,8,0,8
L,4,7,5,5,4,7,6,8,6,5,6,8,3,7,5,11
L,4,11,5,8,4,7,4,0,7,9,3,10,1,6,3,8
L,4,11,4,8,3,0,2,4,6,1,0,7,0,8,0,8
L,4,10,4,5,2,10,3,2,5,12,3,11,2,9,4,10
L,4,8,6,7,5,7,7,4,5,6,7,9,4,8,8,8
L,6,12,6,6,4,9,4,3,4,12,7,11,3,10,5,11
L,3,7,3,5,1,0,0,6,6,0,1,5,0,8,0,8
L,4,8,6,6,7,8,7,3,5,7,7,9,7,9,6,6
L,4,11,6,8,4,5,3,3,9,6,1,8,1,6,3,6
L,5,10,6,8,3,2,2,5,8,1,0,6,0,7,1,6
L,6,8,7,7,6,8,6,4,5,7,7,8,3,8,8,10
L,1,0,1,0,0,2,1,6,4,0,3,4,0,8,0,8
L,3,5,5,5,4,8,5,5,5,7,7,8,2,8,8,11
L,4,9,6,7,3,4,2,8,7,1,2,3,1,6,1,6
L,2,7,2,5,1,0,2,5,6,0,0,7,0,8,0,8
L,2,0,2,1,0,2,0,6,4,0,3,4,0,8,0,8
L,1,3,2,1,1,6,5,1,7,8,3,10,0,7,2,8
L,2,0,2,1,0,2,1,6,5,0,2,4,0,8,0,8
L,4,9,4,7,2,0,1,4,6,1,0,7,0,8,0,8
L,4,9,4,7,1,0,1,6,6,0,0,6,0,8,0,8
L,2,1,3,2,1,4,4,3,8,2,1,7,0,7,1,6
L,4,9,5,8,5,8,7,3,6,6,7,9,3,8,7,8
L,5,10,6,8,3,4,4,2,11,3,1,8,0,7,2,5
L,4,11,6,8,9,7,7,3,5,7,7,10,7,11,8,5
L,3,9,4,6,2,0,2,4,6,1,0,8,0,8,0,8
L,6,10,5,5,2,6,5,3,7,10,4,13,2,6,6,8
L,4,10,4,8,1,0,1,6,6,0,0,6,0,8,0,8
L,2,6,3,4,2,4,3,8,7,1,2,4,1,6,1,6
L,5,9,7,7,4,5,4,2,9,6,2,8,1,6,3,6
L,1,3,3,2,1,6,5,2,9,7,2,10,0,7,2,8
L,4,8,5,6,3,4,5,1,9,7,2,11,0,7,3,7
L,2,5,3,3,1,3,4,3,8,2,1,7,0,7,1,6
L,7,15,7,8,4,7,5,4,5,12,9,11,3,9,6,9
L,4,10,5,7,3,5,3,7,7,2,2,4,1,6,1,5
L,5,10,6,7,5,4,4,4,8,2,1,6,1,6,1,5
L,5,8,6,7,5,8,6,5,5,7,7,9,3,9,8,8
L,2,5,4,4,2,7,4,1,8,8,2,10,0,7,2,8
L,3,7,3,5,1,0,1,6,6,0,0,6,0,8,0,8
L,9,13,7,7,4,9,2,4,4,12,5,13,2,7,6,9
L,5,9,7,7,4,5,3,3,9,6,1,9,1,6,3,7
L,4,11,4,8,1,0,1,5,6,0,0,7,0,8,0,8
L,3,6,4,4,2,9,3,2,6,9,2,10,1,5,3,9
L,6,9,5,4,2,6,5,3,7,10,4,12,2,6,6,8
L,1,0,2,1,0,2,1,5,5,0,2,5,0,8,0,8
L,3,7,4,5,2,7,4,2,8,7,2,8,1,6,3,8
L,3,9,4,7,1,0,1,6,6,0,0,6,0,8,0,8
L,2,5,3,3,1,6,4,1,8,7,2,10,0,7,2,8
L,5,11,7,8,5,10,4,1,8,10,2,10,0,6,3,10
L,0,0,1,0,0,2,2,5,4,1,2,6,0,8,0,8
L,3,7,4,5,2,0,1,4,5,1,1,7,0,8,0,8
L,2,5,3,4,1,4,3,4,7,2,2,5,0,7,0,6
L,4,9,5,7,3,3,3,7,8,1,0,5,1,6,1,6
L,3,7,4,5,2,6,3,1,8,8,2,11,0,7,2,8
L,4,10,5,8,3,4,4,1,9,6,1,10,0,7,2,7
L,3,8,4,6,2,0,2,4,6,1,0,7,0,8,0,8
L,4,8,5,6,4,8,5,8,6,5,7,8,3,6,6,11
L,2,3,2,2,1,4,4,4,7,2,2,6,0,7,1,6
L,4,7,5,5,2,5,4,2,9,6,2,9,1,6,2,7
L,6,11,8,8,5,7,5,0,8,9,3,11,2,6,4,7
L,1,3,2,2,1,7,4,1,6,8,3,10,0,7,1,9
L,3,5,4,3,2,4,4,4,8,2,1,5,1,7,1,6
L,2,6,4,4,2,9,4,1,8,10,3,10,0,7,2,10
L,3,7,4,5,5,7,8,3,5,5,7,10,4,11,5,6
L,4,10,5,8,3,5,4,3,8,5,1,7,1,6,3,6
L,4,9,6,7,4,6,5,0,8,8,2,11,0,7,2,8
L,4,8,5,7,5,8,7,5,6,7,6,8,3,8,8,11
L,6,10,8,8,7,6,6,6,6,6,5,8,6,7,4,10
L,1,0,2,1,0,2,1,6,5,0,2,5,0,8,0,8
L,6,11,8,8,6,5,4,2,8,6,1,9,1,6,3,7
L,2,7,2,5,1,0,1,5,6,0,0,7,0,8,0,8
L,2,4,2,3,1,3,4,3,7,3,1,7,0,7,1,6
L,4,10,4,8,1,0,1,5,6,0,0,6,0,8,0,8
L,3,7,5,5,2,3,3,6,8,1,0,6,0,7,1,6
L,3,9,4,6,3,6,5,0,8,8,3,11,0,8,2,8
L,4,9,5,8,5,6,8,4,6,7,6,9,3,9,9,10
L,3,6,4,5,4,9,7,4,6,6,6,9,2,8,7,10
L,2,5,3,4,2,7,4,1,7,8,2,9,0,7,2,8
L,4,8,5,7,5,8,6,4,5,6,7,8,3,9,7,9
L,4,8,5,7,5,7,6,4,5,7,7,8,4,9,9,11
L,3,3,4,4,1,1,0,6,6,0,1,5,0,8,0,8
L,5,9,7,8,6,7,7,4,5,7,7,8,3,8,8,9
L,3,8,3,6,1,0,1,5,6,0,0,7,0,8,0,8
L,2,1,2,1,0,2,1,6,5,0,2,5,0,8,0,8
L,3,6,4,4,2,5,3,1,8,8,2,10,0,7,2,7
L,2,5,3,4,2,7,4,1,8,8,2,10,0,7,2,8
L,6,11,9,8,11,7,8,3,6,5,7,10,6,12,10,6
L,2,5,3,4,1,5,5,1,9,7,2,11,0,7,2,8
L,4,9,6,6,3,7,3,1,8,8,2,10,2,5,4,7
L,3,9,5,7,3,8,4,0,9,9,3,11,0,7,3,9
L,2,3,3,2,1,7,4,2,7,8,2,10,0,7,2,8
L,2,3,2,5,1,0,1,5,6,0,0,7,0,8,0,8
L,3,7,5,5,2,4,2,7,7,1,2,4,1,6,0,6
L,2,4,4,3,2,6,4,1,8,8,2,11,0,7,2,8
L,4,7,5,5,3,7,4,2,8,7,2,8,1,6,3,8
L,4,9,4,7,2,0,2,4,6,1,0,7,0,8,0,8
L,4,6,5,4,4,6,6,8,6,6,6,9,2,8,4,10
L,2,5,3,4,2,4,4,5,7,2,2,6,1,6,1,6
L,1,3,2,2,1,7,4,1,7,7,2,10,0,7,2,8
L,3,8,3,6,1,0,1,5,6,0,0,7,0,8,0,8
L,2,5,4,3,2,7,4,1,8,8,2,10,0,7,2,8
L,3,6,4,4,2,6,4,3,7,6,2,8,1,6,2,7
L,4,7,6,6,5,7,7,4,5,7,6,7,3,9,8,11
L,5,11,6,8,6,6,6,6,5,6,5,8,5,7,4,10
L,3,5,4,8,1,0,1,5,6,0,0,7,0,8,0,8
L,3,6,4,6,4,8,6,5,4,7,7,8,3,8,7,10
L,6,11,7,8,7,6,6,9,5,6,6,8,3,7,5,12
L,3,8,4,6,4,5,5,3,8,3,2,7,1,6,2,5
L,3,6,4,4,2,5,3,3,9,5,2,8,1,6,2,6
L,5,9,5,7,2,0,1,5,6,0,1,6,0,8,0,8
L,1,3,2,2,1,7,4,2,7,7,2,9,0,7,2,8
L,4,9,5,7,4,3,3,5,7,1,0,7,0,6,0,6
L,8,15,8,9,5,7,4,3,4,12,7,11,4,7,7,8
L,5,10,7,8,5,5,4,1,8,7,2,11,0,7,3,7
L,1,0,1,0,0,2,2,5,4,1,3,5,0,8,0,8
L,3,6,4,4,2,5,3,6,9,2,2,4,1,6,1,5
L,1,0,1,0,0,2,1,6,4,0,3,4,0,8,0,8
L,6,10,6,5,3,7,5,4,4,12,9,12,3,9,6,9
L,2,4,3,3,1,7,4,1,7,9,3,10,0,6,3,8
L,2,6,4,4,2,6,4,2,10,7,1,10,0,7,3,7
L,2,4,4,3,2,6,4,1,9,7,2,10,0,7,2,8
L,3,6,4,4,3,9,4,1,6,9,2,9,1,6,2,9
L,3,7,5,5,2,6,4,1,9,8,2,11,0,8,2,8
L,3,5,3,3,2,4,3,5,6,2,2,5,1,6,0,6
L,3,3,3,5,1,0,1,6,6,0,1,5,0,8,0,8
L,3,9,4,7,3,7,4,2,8,7,1,8,1,6,2,7
L,3,7,4,5,3,9,3,1,6,9,2,9,1,6,2,9
L,1,3,2,2,1,6,5,2,8,7,3,9,0,7,2,8
L,3,7,4,5,2,4,3,5,8,1,1,5,0,7,1,5
L,3,9,3,7,1,0,1,5,6,0,0,7,0,8,0,8
L,2,5,3,4,2,4,4,4,8,2,1,7,0,7,1,6
L,2,3,3,2,1,7,4,2,7,8,2,10,0,7,2,8
L,2,3,2,1,1,4,4,4,6,2,2,5,1,7,1,6
L,2,4,2,3,1,4,4,4,8,2,1,6,0,7,1,6
L,4,8,5,6,3,7,4,1,7,8,2,10,1,6,3,8
L,2,5,3,3,2,5,4,5,6,2,2,5,1,6,1,6
L,3,6,5,4,3,6,4,1,8,8,2,11,0,7,2,8
L,2,7,3,5,2,8,4,3,7,7,2,8,1,6,2,8
L,3,9,4,7,3,6,4,1,8,8,2,10,0,7,2,8
L,5,9,5,4,3,7,5,3,5,12,7,11,3,8,6,8
L,5,9,7,7,5,6,4,2,7,7,2,9,1,6,3,8
L,4,10,6,7,8,8,8,3,5,5,7,10,6,12,8,8
L,4,11,5,8,3,6,4,0,9,8,2,11,0,7,2,8
L,3,4,4,7,1,0,1,6,6,0,0,6,0,8,0,8
L,4,8,6,6,3,10,3,2,8,9,2,9,1,6,3,9
L,2,6,3,4,1,3,3,6,8,1,1,5,0,7,1,6
L,4,4,4,6,1,0,0,6,6,0,1,5,0,8,0,8
L,2,3,2,2,1,4,5,2,7,3,2,8,0,7,1,6
L,4,9,5,7,3,3,3,6,8,1,0,6,0,6,1,6
L,4,8,6,6,4,7,4,1,8,8,2,9,1,6,3,8
L,2,5,4,4,2,6,4,1,8,8,2,10,0,7,2,8
L,4,10,4,7,2,0,2,4,6,1,0,8,0,8,0,8
L,4,11,5,8,3,6,4,3,8,6,1,8,1,6,3,7
L,3,6,3,4,2,0,2,4,5,1,1,7,0,8,0,8
L,3,8,4,6,2,9,3,1,7,9,2,10,0,7,3,9
L,5,9,5,7,1,0,0,7,6,0,1,4,0,8,0,8
L,1,3,2,2,1,7,4,2,7,7,2,9,0,7,2,8
L,6,14,6,8,4,10,3,4,3,12,6,10,4,9,6,9
L,3,5,4,4,3,7,8,4,6,7,6,8,2,8,7,10
L,1,0,2,1,0,2,1,6,5,0,2,4,0,8,0,8
L,5,9,5,5,3,7,5,3,5,12,7,11,3,8,6,9
L,3,8,4,6,2,7,3,0,9,9,2,11,0,7,2,8
L,4,8,5,6,3,3,5,2,9,3,1,9,0,7,1,5
L,6,11,6,6,4,8,4,3,4,12,7,11,3,9,6,9
L,4,9,6,7,3,6,3,1,9,8,2,11,0,7,2,8
L,3,8,4,6,1,0,1,6,6,0,0,6,0,8,0,8
L,2,7,3,5,2,5,5,2,8,3,2,7,0,7,1,6
L,5,7,7,5,5,6,6,8,6,5,6,9,2,8,4,10
L,1,0,2,1,0,2,1,6,4,0,3,4,0,8,0,8
L,1,0,1,0,0,2,2,5,4,1,2,6,0,8,0,8
L,3,10,5,8,4,7,4,2,7,7,2,9,1,6,3,8
L,3,4,3,6,1,0,1,6,6,0,0,6,0,8,0,8
L,4,7,5,5,4,6,8,8,5,7,5,10,3,7,4,11
L,3,9,5,7,3,6,5,0,8,9,3,11,0,7,3,8
L,2,2,3,3,2,4,4,5,7,2,2,6,1,7,1,6
L,5,4,5,7,1,0,0,6,6,0,1,5,0,8,0,8
L,7,13,6,7,3,8,3,3,5,11,4,13,2,7,6,8
L,6,12,5,7,4,5,6,3,6,12,8,12,3,7,7,8
L,4,9,6,6,7,6,7,3,6,7,7,11,6,11,6,5
L,3,8,5,6,6,6,7,3,6,8,7,11,6,10,5,6
L,2,4,2,3,1,5,4,5,7,2,2,4,1,7,1,6
L,2,0,2,1,0,2,0,6,4,0,3,4,0,8,0,8
L,5,11,7,8,5,7,4,1,8,8,2,10,0,6,3,8
L,4,9,5,7,2,2,4,2,9,2,0,8,0,7,1,5
L,3,4,3,3,2,4,3,4,6,2,2,6,0,7,0,6
L,3,10,4,8,2,0,2,3,6,1,0,8,0,8,0,8
L,3,8,3,6,1,0,1,5,6,0,0,6,0,8,0,8
L,3,10,4,7,1,0,1,5,6,0,0,7,0,8,0,8
L,5,9,7,7,5,5,5,1,8,7,2,11,2,9,3,7
L,3,8,4,6,1,0,1,6,6,0,0,6,0,8,0,8
L,2,3,3,2,1,7,4,1,8,8,2,10,0,7,2,8
L,3,2,3,3,2,4,4,3,8,2,1,7,0,7,1,6
L,2,5,4,3,2,6,4,1,8,8,2,10,0,7,2,8
L,3,8,5,6,3,3,5,1,8,3,1,9,0,7,1,6
L,3,9,5,7,3,8,4,2,7,8,2,8,1,6,2,9
L,1,0,2,1,0,2,1,6,4,0,2,5,0,8,0,8
L,4,11,6,9,3,3,4,2,10,2,0,8,0,7,1,5
L,5,10,6,8,5,3,4,5,7,2,0,7,1,6,1,6
L,2,5,3,4,2,4,4,4,7,2,1,6,0,7,1,6
L,3,9,5,7,4,5,5,1,8,4,2,8,3,7,2,6
L,3,9,3,6,1,0,1,5,6,0,0,7,0,8,0,8
L,2,2,3,3,2,4,4,4,7,2,1,6,1,7,1,6
L,3,6,4,4,2,7,3,2,7,7,2,8,1,6,2,7
L,4,4,4,6,1,0,0,6,6,0,1,5,0,8,0,8
L,8,14,6,8,4,5,5,3,8,10,4,13,3,6,6,7
L,5,11,5,6,3,6,6,3,6,11,6,11,3,7,6,8
L,8,14,7,8,3,8,3,3,5,12,4,13,3,7,6,8
L,4,9,6,6,6,5,7,3,6,8,7,11,7,11,6,7
L,2,5,3,4,1,7,3,1,7,8,2,10,0,7,2,8
L,1,4,3,3,1,7,3,1,7,8,2,10,0,7,2,8
L,3,5,4,4,3,8,9,4,5,6,6,9,3,8,7,10
L,6,9,5,4,2,8,3,3,4,11,4,13,2,6,6,8
L,3,7,3,5,1,0,1,6,6,0,0,6,0,8,0,8
L,3,6,5,4,5,7,8,3,5,6,7,10,5,11,5,6
L,4,9,5,7,4,7,4,1,7,8,2,9,1,6,2,8
L,4,9,5,7,4,4,5,3,9,3,1,9,0,7,2,6
L,2,3,2,2,1,4,3,4,6,2,2,5,0,7,0,6
L,4,9,5,7,4,9,4,1,7,9,2,10,1,6,3,9
L,3,8,3,6,1,0,1,6,6,0,0,6,0,8,0,8
L,3,8,4,6,3,8,4,1,7,9,2,10,1,6,3,9
L,3,6,5,4,3,6,4,0,8,8,3,11,0,8,2,8
L,2,7,3,5,2,5,5,2,8,3,2,7,0,7,1,5
L,2,5,3,3,1,7,4,1,6,8,2,10,1,6,2,8
L,2,1,3,3,1,5,2,6,7,1,3,2,1,7,1,5
L,3,9,5,6,3,8,3,3,6,8,2,8,1,6,2,8
L,1,3,3,1,1,7,4,1,7,8,2,10,0,7,2,9
L,4,9,6,7,7,7,7,3,5,6,7,11,6,11,6,5
L,3,6,5,4,2,6,4,2,9,7,2,10,0,7,3,8
L,3,11,5,8,2,2,2,5,10,0,0,6,0,7,1,5
L,3,8,5,6,6,7,7,3,5,7,6,10,6,11,6,5
L,5,10,5,8,3,0,1,5,6,0,0,6,0,8,0,8
L,2,5,3,3,1,6,4,1,8,7,2,10,0,7,2,8
L,2,6,3,4,2,8,3,3,6,7,2,7,1,6,2,8
L,3,11,5,8,3,4,3,5,8,1,0,6,0,6,1,5
L,3,6,5,4,3,6,4,2,6,7,2,9,1,7,3,7
L,2,6,3,4,2,4,5,1,8,6,2,10,0,7,3,6
L,3,7,4,5,2,7,4,2,6,7,2,8,1,6,2,8
L,2,8,3,6,2,3,5,2,8,3,0,9,0,7,1,6
L,3,7,4,5,2,7,4,1,7,8,2,9,1,6,2,8
L,3,10,3,8,2,0,2,3,6,1,0,8,0,8,0,8
L,4,10,5,8,4,6,4,1,7,8,2,10,0,6,3,8
L,4,10,5,7,3,7,4,0,9,9,2,11,0,7,3,8
L,3,8,4,6,3,4,4,4,7,2,1,7,1,6,1,6
L,4,10,5,8,3,0,2,4,6,1,0,8,0,8,0,8
L,6,12,5,7,3,10,2,4,4,13,4,12,2,7,6,9
L,1,0,1,0,0,2,2,5,4,1,2,6,0,8,0,8
L,3,6,3,4,1,1,0,6,6,0,1,5,0,8,0,8
L,2,4,3,3,1,7,4,1,8,8,2,10,0,7,2,8
L,4,5,5,4,4,8,6,4,5,7,7,8,2,8,7,10
L,3,7,4,5,2,5,2,7,8,1,2,2,1,6,1,5
L,3,11,5,8,3,5,3,6,7,2,2,4,1,6,1,5
L,4,10,5,7,7,7,7,3,5,7,7,10,6,10,6,6
L,6,9,5,5,2,7,4,3,5,10,4,12,2,7,6,7
L,4,11,6,9,4,5,4,6,7,2,2,5,1,6,1,5
L,4,9,4,6,1,0,0,6,6,0,1,5,0,8,0,8
L,4,9,4,6,2,0,2,4,6,1,0,7,0,8,0,8
L,5,10,4,5,2,9,3,4,4,12,4,13,2,6,6,9
L,6,8,7,7,6,8,7,4,6,7,6,8,3,8,8,11
L,2,7,4,5,2,7,4,2,7,7,2,8,1,6,2,8
L,1,3,2,2,1,5,4,4,6,3,3,5,1,7,1,6
L,5,10,5,5,2,7,4,3,6,11,4,13,2,6,6,8
L,2,1,2,2,1,4,4,4,7,2,1,6,0,7,1,6
L,3,6,4,4,2,4,3,7,6,1,2,4,1,6,1,6
L,5,10,5,8,2,0,0,6,6,0,1,5,0,8,0,8
L,4,8,6,6,7,7,7,3,5,7,7,10,6,10,6,6
L,4,9,4,4,3,8,5,3,5,11,5,10,3,5,6,8
L,3,7,4,5,3,4,4,4,8,2,1,7,4,6,1,6
L,2,1,2,2,1,4,4,5,6,2,2,6,1,7,1,6
L,2,2,3,3,1,4,3,5,6,2,2,5,1,7,0,6
L,1,0,1,1,0,1,1,5,5,0,1,6,0,8,0,8
L,8,11,7,6,3,11,1,3,4,12,3,11,2,9,4,10
L,4,8,6,6,3,7,4,1,8,8,2,10,0,6,3,8
L,5,9,6,6,4,4,5,2,8,6,2,10,0,7,3,6
L,4,3,4,5,1,1,0,6,6,0,1,4,0,8,0,8
L,5,7,6,5,5,7,8,7,6,6,5,8,6,7,4,10
O,6,13,4,7,4,6,7,6,3,10,7,9,5,9,5,8
O,3,4,4,3,2,8,7,7,5,7,6,8,2,8,3,8
O,6,11,7,8,5,7,6,9,6,7,5,9,4,8,5,5
O,4,7,5,5,3,7,7,8,6,7,6,8,3,8,3,8
O,6,7,8,6,6,6,6,5,6,8,5,8,3,6,5,6
O,4,7,5,5,3,8,7,8,5,10,6,8,3,8,3,8
O,5,10,4,5,3,6,6,6,2,9,6,9,5,9,4,8
O,3,3,5,5,2,9,6,9,7,7,5,10,3,8,4,8
O,4,8,6,6,4,8,5,8,4,7,5,8,3,8,3,8
O,3,4,4,3,2,7,7,7,5,7,6,8,2,8,3,8
O,5,10,6,8,5,7,8,9,6,8,8,6,4,8,5,10
O,5,8,7,6,4,7,5,8,4,6,4,7,3,9,4,9
O,5,9,6,7,5,7,7,8,7,7,6,7,2,8,3,8
O,2,6,3,4,2,8,7,7,5,7,6,9,2,8,3,8
O,1,0,2,1,0,8,7,6,4,7,6,8,2,8,3,8
O,5,10,4,5,3,7,7,5,4,7,4,7,5,8,5,8
O,2,3,2,1,1,8,7,6,4,9,6,8,2,8,3,8
O,4,7,5,5,3,8,6,8,5,10,6,9,3,8,3,8
O,3,1,4,3,2,8,7,7,5,7,6,8,2,8,3,8
O,2,1,2,2,1,8,7,7,4,7,6,8,2,8,3,8
O,2,0,2,1,1,7,6,7,5,7,6,8,2,8,3,8
O,8,12,6,6,4,5,9,6,4,9,8,9,5,10,5,8
O,2,2,3,3,2,8,7,7,4,7,6,8,2,8,3,8
O,6,11,7,9,3,7,8,9,8,7,7,6,3,8,4,8
O,3,7,5,5,5,8,6,5,1,7,6,8,7,8,3,8
O,9,12,6,7,3,8,7,6,5,9,4,7,5,9,5,9
O,4,7,6,5,4,7,7,8,4,7,6,8,3,8,3,8
O,2,5,3,4,2,7,7,8,5,7,5,8,2,8,3,8
O,5,9,6,7,4,7,8,8,6,7,8,8,3,7,4,9
O,5,8,7,7,6,7,5,5,5,9,5,10,5,5,7,5
O,2,3,2,1,1,8,7,6,4,9,6,8,2,8,3,8
O,5,10,5,8,5,8,6,8,4,9,5,8,3,8,3,8
O,4,6,6,5,4,6,6,5,5,8,4,8,3,7,5,6
O,2,4,3,2,1,8,7,7,5,7,6,8,2,8,3,8
O,3,7,4,5,2,7,8,8,7,7,7,8,3,8,4,8
O,6,11,7,9,5,8,7,9,6,7,5,10,4,8,5,5
O,4,6,5,4,2,7,7,8,8,7,6,8,3,8,4,8
O,8,15,5,8,3,7,9,6,6,9,6,6,4,10,5,9
O,4,7,5,5,3,7,7,8,5,8,7,10,3,8,3,7
O,3,4,4,6,2,7,6,9,6,6,5,6,3,8,4,8
O,3,3,4,2,2,7,8,7,5,7,7,8,2,8,3,8
O,8,13,6,8,3,7,7,5,5,8,4,7,5,9,5,8
O,2,4,3,3,2,7,7,6,4,9,7,7,2,8,3,8
O,4,6,6,4,3,7,6,8,5,8,5,11,4,8,4,7
O,5,9,6,7,5,7,8,8,4,6,7,9,3,7,4,7
O,2,6,3,4,2,7,7,6,3,7,6,8,3,8,2,8
O,3,7,4,5,2,7,6,8,8,7,4,8,3,8,4,8
O,3,4,4,3,2,8,6,7,4,9,5,8,2,8,3,8
O,2,1,3,2,2,8,7,7,4,7,6,8,2,8,3,8
O,4,9,6,7,3,8,7,9,8,7,5,8,3,8,4,8
O,4,7,4,5,4,7,8,7,4,9,7,8,3,8,3,8
O,2,2,3,3,2,7,7,8,4,7,6,8,2,8,3,8
O,6,9,6,7,4,8,6,8,5,10,6,10,3,8,4,6
O,5,9,6,6,8,7,8,5,1,7,7,8,8,9,6,10
O,2,3,3,2,2,7,7,7,5,7,6,8,2,8,3,8
O,3,8,4,6,3,7,7,8,4,10,6,8,3,8,3,7
O,10,13,7,8,4,7,7,5,5,8,4,7,5,9,6,8
O,4,10,6,8,3,8,8,9,8,6,7,10,3,8,4,8
O,5,9,6,6,5,7,7,7,4,9,6,10,4,8,4,7
O,4,9,5,6,4,8,7,8,5,7,7,7,3,8,3,8
O,4,6,4,4,4,6,9,7,4,9,8,8,3,8,3,7
O,1,0,1,0,0,7,6,6,3,7,6,7,2,8,3,8
O,7,11,7,8,5,8,7,8,5,10,6,8,3,8,3,8
O,2,4,2,3,2,8,7,6,3,9,6,8,2,8,2,8
O,4,8,5,6,2,8,6,8,7,7,5,8,3,8,4,8
O,5,9,5,7,4,7,7,8,5,9,7,10,3,8,4,6
O,4,10,5,8,3,9,7,9,7,7,6,10,3,8,4,8
O,6,10,8,8,10,8,9,6,1,7,7,8,9,8,5,9
O,4,9,5,7,2,7,7,9,8,7,5,8,3,8,4,8
O,1,1,2,1,1,7,7,6,4,7,6,8,2,8,2,8
O,3,5,4,4,2,8,6,7,4,9,5,8,2,8,3,8
O,4,7,4,5,3,9,6,7,5,10,4,10,3,8,3,8
O,4,7,4,5,3,7,7,8,6,9,7,10,3,8,3,7
O,2,1,2,2,1,8,7,7,5,7,6,8,2,8,3,8
O,4,9,5,7,3,6,9,7,5,10,8,7,3,8,3,8
O,3,7,4,5,2,8,8,8,6,6,7,9,3,8,4,8
O,2,6,3,4,3,7,8,7,5,7,9,8,2,9,3,7
O,5,6,6,9,3,8,7,9,8,7,6,9,3,8,4,8
O,5,9,4,4,3,6,8,6,4,9,8,9,4,9,4,8
O,4,11,5,8,3,7,7,9,7,7,6,8,3,8,4,8
O,4,8,5,6,4,7,8,8,5,10,7,8,3,8,3,8
O,3,6,4,4,3,7,8,7,4,9,7,8,3,8,2,8
O,4,8,5,6,4,7,7,7,6,7,5,8,2,8,3,8
O,2,4,3,3,2,7,7,6,4,9,6,8,2,8,2,8
O,2,4,3,3,2,8,7,6,3,9,6,8,2,8,2,8
O,1,0,1,0,0,7,7,6,3,7,6,8,2,8,3,8
O,3,4,4,3,2,7,7,7,4,9,7,9,2,8,3,8
O,4,8,5,6,4,8,6,8,4,7,4,8,3,8,3,8
O,6,11,7,8,6,7,8,8,7,7,6,6,4,7,5,10
O,4,5,5,8,2,8,7,9,7,7,5,8,3,8,4,8
O,4,8,6,6,2,6,7,8,8,7,6,7,3,8,4,8
O,3,8,4,6,2,7,8,9,7,7,7,8,3,8,4,8
O,3,10,5,8,4,8,8,8,6,6,6,11,3,8,4,7
O,5,5,6,7,3,7,7,9,8,7,5,7,3,8,4,8
O,4,9,5,7,4,7,6,8,4,7,5,9,3,8,3,8
O,4,6,4,4,3,9,6,7,5,10,4,10,3,8,4,7
O,2,5,3,4,2,7,7,8,5,7,6,8,2,8,3,8
O,4,9,5,7,4,7,7,8,6,7,6,6,2,8,3,8
O,3,5,4,3,2,7,7,7,4,9,6,7,2,8,3,7
O,2,4,3,3,2,7,7,8,5,7,6,8,2,8,3,8
O,1,0,1,1,0,7,6,6,3,7,6,8,2,8,3,8
O,2,3,3,1,1,8,7,7,5,7,6,8,2,8,3,8
O,4,8,6,6,3,8,6,8,8,7,5,8,3,8,4,8
O,4,5,6,4,4,6,6,5,5,8,4,7,3,7,4,7
O,5,10,5,8,4,8,7,8,5,10,6,8,3,8,3,8
O,6,7,8,6,6,7,5,4,5,8,5,11,5,6,7,6
O,5,8,5,6,4,7,7,8,5,10,7,8,3,8,4,8
O,7,9,9,8,6,5,7,6,8,9,7,8,4,5,6,5
O,6,10,4,5,2,8,7,6,5,9,4,7,5,9,5,9
O,3,2,4,3,2,7,7,7,5,7,7,7,2,8,3,7
O,4,6,5,4,5,8,5,5,2,7,5,8,8,8,3,9
O,7,12,5,6,3,5,8,6,4,10,7,9,5,10,5,8
O,3,5,4,4,3,8,7,7,4,9,6,8,2,8,3,7
O,5,11,5,8,6,8,6,8,4,9,4,8,3,8,3,8
O,4,9,4,7,4,7,8,7,4,9,7,8,3,8,3,7
O,6,11,7,8,3,8,8,8,9,6,7,9,3,8,4,8
O,4,9,5,7,4,8,7,8,4,7,6,4,4,8,4,8
O,3,6,5,4,3,7,6,8,6,6,4,7,3,8,3,8
O,3,7,4,5,3,9,5,7,5,10,4,9,3,8,3,8
O,6,9,6,7,5,8,6,8,4,9,5,8,4,7,4,9
O,2,5,3,3,2,8,7,7,4,9,5,8,2,8,3,8
O,5,10,5,8,4,8,7,8,5,10,5,8,3,8,3,8
O,2,1,2,1,1,8,7,7,6,7,6,8,2,8,3,8
O,4,6,6,6,4,7,5,4,4,8,3,7,3,7,4,8
O,5,9,6,7,5,8,6,8,4,6,5,5,4,8,4,8
O,3,5,4,7,2,7,7,9,6,7,6,8,3,8,4,8
O,3,3,4,2,2,8,7,7,5,7,6,7,2,8,3,7
O,5,9,6,7,4,8,6,8,5,10,5,9,3,8,3,8
O,6,11,5,6,3,5,8,6,4,10,8,9,5,10,4,8
O,4,5,6,7,3,8,7,9,8,7,6,8,3,8,4,8
O,4,7,6,5,6,8,10,5,2,7,7,8,7,9,4,9
O,7,14,5,8,4,5,6,7,4,10,6,9,6,9,5,7
O,4,11,5,8,5,8,7,8,6,7,6,8,3,8,3,8
O,5,10,5,8,5,7,7,8,4,9,6,8,3,8,3,8
O,4,11,5,8,5,8,7,8,4,7,6,5,4,8,3,8
O,5,10,7,8,5,7,8,9,6,7,7,8,3,8,4,7
O,5,11,7,8,5,8,5,9,5,6,6,4,5,7,5,9
O,4,6,6,4,3,7,5,7,5,8,4,10,3,7,3,8
O,5,11,6,8,6,8,7,9,4,7,6,7,3,8,3,8
O,2,5,3,4,2,8,7,7,4,9,6,8,2,8,2,8
O,4,8,5,6,4,7,8,8,4,7,7,8,3,8,3,8
O,9,14,6,8,4,4,9,6,5,10,8,9,5,10,5,7
O,4,6,6,5,4,7,6,4,4,7,3,7,3,7,4,8
O,4,8,5,6,4,8,7,8,6,7,7,10,3,7,4,7
O,3,5,4,3,3,8,7,7,5,7,6,8,2,8,3,8
O,7,13,5,7,4,6,6,6,3,10,7,9,5,9,5,8
O,4,8,6,6,5,7,7,8,4,7,5,8,3,8,3,8
O,3,7,4,5,3,6,8,7,5,9,8,8,3,8,3,8
O,4,7,5,5,3,7,6,8,5,7,5,8,3,8,3,8
O,1,0,2,0,0,7,7,6,4,7,6,8,2,8,3,8
O,4,5,5,8,3,8,8,9,7,6,7,9,3,8,4,8
O,5,11,5,8,5,8,7,8,4,9,6,6,4,9,4,8
O,4,7,4,5,3,8,6,6,3,10,5,10,3,8,2,8
O,6,9,8,8,7,7,5,4,5,9,3,7,4,8,6,9
O,2,3,2,1,1,8,7,6,4,9,6,8,2,8,3,8
O,5,9,5,6,4,7,7,8,5,10,6,8,3,8,3,8
O,6,9,8,7,5,7,6,8,4,7,5,8,3,8,3,8
O,2,1,3,2,2,7,8,7,5,7,7,8,2,8,3,8
O,6,10,9,8,10,8,7,5,1,7,6,8,9,9,7,11
O,4,8,5,6,4,7,7,7,4,10,6,8,3,8,3,8
O,8,9,5,5,3,7,9,6,5,9,5,6,4,9,5,8
O,5,11,6,8,9,8,10,5,2,7,7,8,8,9,5,10
O,4,7,4,5,3,7,7,7,5,10,6,8,3,8,3,8
O,5,9,4,4,2,9,7,5,4,9,4,8,4,9,5,8
O,1,0,2,0,0,7,7,6,4,7,6,8,2,8,3,8
O,4,7,5,5,4,7,7,7,4,8,5,10,4,8,3,7
O,4,8,5,6,2,7,7,8,7,7,6,8,3,8,4,8
O,4,9,5,7,5,8,6,7,3,10,5,9,3,8,3,7
O,5,9,6,7,5,8,7,8,7,7,6,8,3,8,4,8
O,4,9,3,5,3,6,8,6,4,9,7,9,5,9,4,8
O,5,8,7,6,8,8,6,5,2,7,5,8,9,9,5,11
O,4,11,5,8,3,8,8,9,7,7,8,8,3,8,4,8
O,4,10,5,8,5,8,8,8,5,6,8,9,3,8,3,7
O,2,1,3,2,1,7,7,7,6,7,6,8,2,8,3,8
O,5,10,6,8,5,7,8,8,5,10,8,8,3,8,3,8
O,2,1,2,2,1,8,7,7,4,7,6,8,2,8,3,8
O,4,8,5,6,3,7,6,8,5,7,5,8,3,8,3,8
O,1,0,2,1,0,8,7,7,4,7,6,8,2,8,3,8
O,2,3,3,2,1,7,7,7,4,7,6,8,2,8,2,8
O,2,5,3,3,2,7,7,8,4,7,6,8,2,8,3,8
O,3,7,4,5,3,7,8,7,4,8,7,10,3,8,3,9
O,9,13,6,7,4,5,8,6,4,10,8,9,5,10,5,8
O,2,2,3,3,2,7,7,7,4,7,6,8,2,8,3,8
O,5,9,6,6,3,7,7,8,8,7,6,8,3,8,4,8
O,6,11,9,8,11,8,6,6,1,7,6,8,11,8,6,8
O,9,15,6,9,5,4,8,6,4,10,8,9,5,10,5,8
O,5,9,6,7,5,8,6,8,6,7,5,8,3,8,4,7
O,3,6,5,4,3,8,8,8,4,7,6,7,3,8,3,8
O,2,2,3,3,2,7,7,7,4,7,6,8,2,8,3,8
O,4,6,5,5,4,8,5,4,4,9,4,10,3,7,5,7
O,4,9,5,6,4,8,6,7,3,10,4,8,3,8,3,7
O,4,9,6,7,4,8,6,9,3,6,5,7,3,8,4,9
O,3,10,5,8,5,8,6,8,4,6,5,6,3,8,3,7
O,4,7,5,5,2,8,7,8,7,7,6,9,3,8,4,8
O,5,9,6,7,3,8,8,9,8,6,8,9,3,8,4,8
O,5,8,6,6,8,8,6,5,2,7,6,8,8,9,4,10
O,3,5,4,3,2,8,7,8,5,7,7,8,2,8,3,8
O,2,1,2,2,1,7,7,7,4,7,6,8,2,8,2,7
O,7,11,9,8,10,7,10,5,3,8,7,7,11,11,7,10
O,2,4,3,3,2,7,7,7,4,9,6,8,2,8,3,8
O,2,5,3,4,2,8,7,7,4,9,4,8,2,8,2,8
O,3,5,4,4,3,8,7,7,4,9,5,8,2,8,2,8
O,5,9,6,6,4,8,6,8,4,7,4,8,3,8,3,8
O,5,10,7,7,5,7,8,8,5,7,7,9,3,7,4,7
O,5,9,5,7,5,7,7,7,4,9,7,8,3,8,3,8
O,2,4,2,3,1,7,7,6,4,9,6,8,2,8,2,8
O,5,11,5,9,6,8,7,8,3,9,6,7,3,8,3,8
O,9,13,6,7,4,5,7,7,4,10,7,8,5,9,5,7
O,8,10,6,5,3,8,6,5,5,8,4,8,5,9,5,8
O,6,9,7,7,6,7,8,7,5,9,7,9,3,8,4,7
O,6,10,7,8,6,8,6,8,4,9,5,6,5,8,4,9
O,3,2,4,3,3,8,7,8,5,7,6,8,2,8,3,8
O,5,8,6,6,4,8,6,8,5,10,5,8,3,8,3,8
O,4,7,5,5,3,7,8,8,5,10,6,6,3,8,3,8
O,4,9,4,7,4,8,5,7,4,10,5,10,4,8,4,7
O,4,8,4,6,4,7,8,7,4,10,7,6,3,9,3,7
O,3,4,4,3,2,7,7,6,4,9,6,8,2,8,2,8
O,2,1,2,1,1,8,7,7,5,7,6,8,2,8,3,8
O,3,6,4,4,2,7,8,8,7,7,7,8,3,8,4,8
O,5,10,6,8,5,7,7,8,7,6,3,6,3,8,5,9
O,4,5,5,4,3,7,7,8,5,7,6,8,2,8,3,8
O,3,8,4,6,4,7,7,8,4,7,5,8,3,8,2,7
O,1,3,2,2,1,8,7,5,3,9,6,8,2,8,2,8
O,5,10,6,8,4,8,7,8,5,10,6,8,3,8,3,8
O,7,11,10,8,12,8,8,6,2,7,7,8,10,9,7,11
O,2,7,3,5,2,7,6,8,7,7,4,8,3,8,4,8
O,2,0,2,1,1,8,7,7,6,7,6,8,2,8,3,8
O,2,4,3,3,2,7,7,7,4,9,6,8,2,8,3,8
O,4,7,6,5,4,7,9,8,5,6,8,10,3,8,3,8
O,2,7,3,5,2,7,7,9,6,7,6,8,3,8,4,8
O,4,9,5,7,4,7,7,9,5,7,5,8,3,8,3,8
O,4,8,5,6,4,7,7,8,4,7,6,8,3,8,3,8
O,4,8,5,6,3,8,7,8,5,10,6,7,3,8,3,8
O,5,8,6,7,5,6,6,5,5,8,5,7,3,6,5,7
O,2,5,3,3,2,7,7,7,4,9,6,8,2,8,2,8
O,4,9,3,5,2,6,7,6,3,10,6,9,5,9,5,7
O,5,8,6,6,4,8,9,8,4,7,7,8,3,8,3,8
O,2,4,3,3,2,7,7,6,3,9,6,8,2,8,2,8
O,4,3,5,4,2,7,7,8,8,7,6,8,3,8,4,8
O,5,11,7,8,3,8,8,8,8,6,7,9,3,8,4,8
O,5,11,4,6,3,4,9,6,4,9,9,8,3,9,4,8
O,5,9,5,7,5,8,7,7,4,10,5,8,3,8,3,7
O,3,7,4,5,3,8,7,8,5,7,6,9,2,8,3,8
O,1,0,2,0,0,7,7,6,4,7,6,8,2,8,3,8
O,6,9,8,8,6,6,5,5,5,9,6,10,5,5,7,4
O,6,10,8,8,6,8,5,9,4,6,5,5,5,7,4,8
O,5,9,6,7,6,7,6,8,4,7,5,8,3,9,3,7
O,5,5,7,4,4,7,6,5,5,9,5,9,3,6,5,6
O,6,11,6,8,6,7,7,8,4,10,6,9,4,9,5,5
O,5,10,5,8,4,7,7,8,5,10,7,7,3,8,4,8
O,4,3,5,5,2,7,8,8,8,7,7,8,3,8,4,8
O,5,11,6,8,3,7,8,9,8,7,8,8,3,8,4,8
O,3,8,4,6,2,7,6,9,7,6,5,7,3,8,4,8
O,3,6,4,4,3,7,7,7,4,7,5,8,3,8,3,8
O,3,6,4,4,3,7,9,7,4,7,8,7,3,8,2,8
O,3,7,4,5,3,7,8,7,5,10,8,7,3,8,3,8
O,4,5,6,4,4,7,6,5,5,8,5,8,3,7,5,6
O,4,8,5,6,2,7,8,8,8,7,7,8,3,8,4,8
O,2,4,3,2,2,8,7,6,4,9,6,8,2,8,2,8
O,5,8,6,6,5,8,7,7,4,10,6,7,3,8,3,8
O,7,11,5,6,3,7,9,6,5,9,5,6,4,9,5,8
O,4,8,5,6,3,7,7,7,5,10,7,8,3,8,3,8
O,4,9,3,4,2,6,7,6,3,9,6,8,4,10,4,7
O,4,4,5,7,2,7,8,8,8,6,8,9,3,8,4,8
O,6,10,4,5,3,6,9,7,4,9,7,10,5,10,5,7
O,7,11,8,8,7,8,7,8,5,9,5,7,5,8,5,10
O,5,8,6,6,5,8,7,7,4,9,6,7,3,7,4,9
O,2,4,3,2,2,7,7,7,5,9,6,8,2,8,3,8
O,4,6,4,4,3,7,7,7,5,10,7,9,3,8,3,8
O,7,11,9,8,6,8,7,9,5,7,6,6,4,8,5,10
O,5,8,7,6,4,8,5,8,5,6,4,5,4,8,4,8
O,2,3,3,2,1,8,7,7,4,7,6,8,2,8,2,8
O,5,8,7,6,5,7,8,8,5,6,7,11,4,8,4,8
O,2,1,3,2,2,7,7,7,5,7,6,8,2,8,3,8
O,5,8,6,6,4,7,9,8,5,6,7,9,3,8,3,7
O,1,0,1,1,0,7,7,7,5,7,6,8,2,8,3,8
O,5,9,5,6,5,8,8,7,4,9,6,6,4,8,4,8
O,3,7,4,5,3,6,7,7,4,7,6,10,4,8,3,8
O,1,1,2,1,1,8,7,7,5,7,6,8,2,8,3,8
O,5,10,6,8,5,8,8,8,4,7,7,6,5,7,4,9
O,5,11,6,8,5,8,7,9,6,6,7,9,3,8,3,8
O,2,0,2,1,0,7,7,6,5,7,6,8,2,8,3,8
O,3,6,3,4,3,7,8,7,4,9,7,10,3,8,2,9
O,6,8,8,6,9,7,9,5,2,7,6,7,10,10,6,9
O,2,4,3,3,2,7,8,6,4,9,6,8,2,8,2,7
O,3,8,4,6,3,7,8,7,5,9,8,8,3,8,3,8
O,3,6,4,4,2,7,8,8,7,6,7,8,3,8,4,8
O,2,1,3,2,2,7,7,7,5,7,6,8,2,8,3,8
O,3,5,4,3,2,8,6,6,4,9,5,8,2,8,3,8
O,5,10,6,7,4,7,7,8,5,10,6,9,3,9,4,6
O,2,5,3,3,2,7,7,7,4,9,6,8,2,8,3,8
O,5,9,7,8,6,6,6,5,5,7,4,7,4,8,6,7
O,4,6,5,4,3,8,7,8,4,7,6,5,3,8,3,7
O,4,5,6,7,3,9,8,9,8,6,7,10,3,8,4,8
O,4,10,5,8,3,7,6,9,8,6,4,7,3,8,4,8
O,5,6,7,5,5,6,6,6,5,7,5,6,3,6,5,6
O,5,9,7,7,5,7,5,9,5,8,5,11,4,8,4,8
O,6,11,7,8,7,7,8,8,4,9,8,8,3,8,3,8
O,7,13,5,7,4,6,6,5,5,6,4,8,5,7,5,7
O,4,7,5,5,2,7,8,8,8,7,7,7,3,8,4,8
O,7,12,5,7,3,8,7,6,5,9,4,7,5,9,5,8
O,5,10,5,8,4,8,6,8,5,10,4,8,3,8,3,8
O,4,7,5,5,3,8,6,7,4,10,5,9,3,8,3,7
O,7,11,9,8,11,8,9,6,2,7,7,8,9,9,6,12
O,6,10,8,8,10,8,8,6,2,7,7,8,10,9,5,8
O,4,9,6,7,8,8,8,5,1,7,7,8,8,9,4,9
O,3,8,5,6,2,7,8,8,7,7,7,8,3,8,4,8
O,4,9,5,6,2,8,8,9,7,6,7,9,3,8,4,8
O,6,9,8,8,7,7,5,4,5,9,4,8,3,7,5,6
O,5,10,6,8,5,8,6,9,4,7,5,8,3,8,3,8
O,2,3,3,2,2,8,7,6,4,9,5,8,2,8,2,8
O,5,8,6,6,4,7,6,8,5,7,5,7,3,9,3,8
O,6,8,8,6,9,7,6,5,2,7,5,7,11,9,7,11
O,5,7,6,6,5,8,4,4,4,9,3,8,3,7,5,7
O,5,10,4,5,3,6,7,6,3,9,7,9,5,10,5,8
O,4,9,5,7,4,7,7,8,5,7,6,8,3,8,3,8
O,9,13,6,7,4,6,5,6,4,10,6,10,6,8,5,7
O,2,4,2,2,1,7,7,6,4,9,6,8,2,8,2,7
O,7,10,9,7,11,7,8,5,2,7,6,8,12,11,9,12
O,6,10,6,7,6,8,7,8,4,8,5,6,5,8,5,9
O,5,10,7,8,8,8,10,6,3,8,7,6,10,10,6,10
O,5,5,7,8,3,8,5,8,9,7,4,8,3,8,4,8
O,1,3,2,2,1,8,7,7,4,7,6,8,2,8,2,8
O,3,4,4,3,2,7,7,7,4,9,7,8,2,8,3,8
O,4,6,5,4,6,8,6,6,2,7,6,8,7,9,3,8
O,4,9,5,7,2,7,7,9,7,7,6,8,3,8,4,8
O,7,9,9,8,8,8,4,4,5,10,4,10,5,7,7,6
O,5,10,6,7,5,7,7,8,4,9,6,8,3,8,3,8
O,5,7,7,6,5,7,6,5,6,9,5,9,4,7,5,6
O,5,10,6,7,4,8,7,8,5,10,6,8,3,8,3,7
O,3,7,3,5,2,8,7,7,5,9,5,8,3,8,3,8
O,4,8,5,6,4,8,7,7,4,7,6,6,4,8,3,8
O,3,4,4,3,2,7,7,7,5,9,6,8,2,8,3,8
O,3,7,5,5,2,7,7,8,8,7,6,7,3,8,4,8
O,4,7,4,5,3,7,7,8,5,10,6,8,3,8,3,7
O,5,8,6,6,4,7,8,7,5,10,7,8,3,8,3,8
O,4,7,6,5,4,8,9,8,4,7,7,7,3,8,3,8
O,3,5,4,4,3,8,7,7,5,9,6,8,2,8,3,8
O,2,3,3,2,2,8,7,7,4,9,6,9,2,8,3,8
O,6,9,8,6,9,8,9,5,2,7,7,8,9,9,6,12
O,8,12,6,6,3,7,8,6,5,9,5,7,4,9,5,9
O,3,6,4,4,3,7,8,6,4,9,7,8,3,8,3,8
O,7,10,7,8,5,7,7,8,6,9,7,10,4,7,5,5
O,4,9,5,7,5,7,7,8,4,7,6,8,3,8,3,8
O,3,3,4,4,2,7,8,8,6,7,7,8,3,8,4,8
O,3,3,4,4,2,8,7,8,8,7,6,8,3,8,4,8
O,4,8,6,6,4,7,7,8,5,7,5,8,3,8,3,8
O,4,7,5,5,2,8,6,8,8,7,5,8,3,8,4,8
O,3,6,4,4,2,7,7,7,4,9,6,8,3,8,3,8
O,5,9,6,7,8,8,9,5,2,7,7,8,8,9,4,8
O,5,8,6,6,5,6,8,7,4,9,8,8,3,8,3,8
O,5,10,7,8,3,8,7,9,8,7,6,9,3,8,4,8
O,5,9,7,8,5,6,6,6,5,8,5,8,4,6,5,6
O,2,3,3,1,1,8,7,7,5,7,6,8,2,8,3,8
O,2,1,3,2,1,7,7,7,6,7,6,8,2,8,3,8
O,2,4,3,3,2,8,6,6,3,9,5,8,2,8,2,8
O,5,11,6,8,6,7,6,7,4,10,6,10,5,8,4,6
O,3,4,4,6,2,7,7,9,7,7,6,8,3,8,4,8
O,4,11,5,8,5,8,7,8,4,7,7,7,3,7,3,8
O,2,5,3,4,2,8,7,7,4,9,6,8,2,8,2,8
O,2,4,3,3,2,7,7,7,5,7,6,8,2,8,3,8
O,6,8,8,7,6,8,4,3,4,9,3,8,4,7,5,8
O,7,10,7,8,5,8,6,8,6,10,5,9,5,9,6,5
O,1,0,1,0,0,7,7,6,3,7,6,8,2,8,3,8
O,6,12,4,6,3,7,8,5,4,8,4,7,5,8,5,8
O,3,7,4,5,2,8,6,9,6,7,5,8,3,8,4,8
O,5,8,5,6,4,7,9,7,4,10,8,6,4,9,4,9
O,3,8,5,6,3,7,8,9,5,7,7,6,3,8,3,8
O,2,1,2,1,1,7,7,6,4,7,5,8,2,8,2,7
O,2,3,3,2,1,8,7,6,4,9,6,8,2,8,2,8
O,3,9,4,7,4,7,7,8,4,7,6,9,3,8,3,8
O,3,7,4,5,3,7,7,8,5,7,7,8,3,8,3,8
O,6,10,7,8,7,8,7,9,4,7,6,8,3,8,3,7
O,2,1,3,2,1,7,7,7,6,7,6,8,2,8,3,8
O,2,0,2,1,1,7,6,7,5,7,6,8,2,8,3,8
O,5,9,6,6,5,7,7,8,4,7,6,9,3,8,4,7
O,4,3,5,4,2,7,8,8,8,7,7,7,3,8,4,8
O,5,10,6,8,5,7,7,8,6,7,6,8,3,7,4,8
O,3,7,4,5,3,8,7,6,4,9,5,8,3,8,3,8
O,9,14,6,8,4,7,6,5,6,8,3,8,6,8,6,8
O,1,3,2,1,1,8,7,5,3,9,6,8,2,8,2,8
O,3,5,4,3,3,7,7,7,5,9,6,8,2,8,3,8
O,4,6,5,5,4,7,6,4,4,6,3,6,2,7,4,7
O,6,9,7,7,5,7,8,8,6,10,7,9,3,8,3,8
O,5,9,7,6,4,7,7,9,4,7,6,8,3,8,3,7
O,3,6,4,4,2,7,7,7,5,10,6,9,3,8,3,8
O,5,5,6,7,3,7,7,9,8,7,6,8,3,8,4,8
O,4,7,5,5,3,7,7,7,6,7,6,7,2,8,3,8
O,7,10,5,5,3,7,8,5,5,9,5,6,4,9,5,8
O,7,9,9,8,7,8,4,4,5,9,4,9,4,6,5,7
O,4,5,6,8,3,6,6,9,8,6,5,6,3,8,4,8
O,2,3,3,2,1,8,7,6,4,9,6,9,2,8,3,8
O,3,2,4,3,3,7,7,7,5,7,6,8,2,8,3,8
O,3,5,4,3,3,8,7,7,5,9,6,7,2,8,3,8
O,2,1,2,2,1,8,7,7,5,7,6,8,2,8,3,8
O,4,9,5,7,4,7,6,9,5,7,5,8,3,8,3,8
O,8,11,6,6,3,8,5,4,6,8,3,8,5,7,5,8
O,4,6,5,4,3,8,7,7,5,10,6,8,3,8,3,8
O,4,6,4,4,3,8,7,7,6,9,5,7,3,8,3,8
O,3,5,4,3,2,8,7,7,4,9,6,8,2,8,3,8
O,4,6,5,4,3,7,8,8,6,8,8,6,3,8,4,8
O,5,9,6,7,5,8,8,8,4,7,7,8,3,8,3,7
O,5,9,5,7,4,7,7,8,5,10,6,7,3,8,4,8
O,3,6,4,4,3,7,8,8,7,7,8,7,2,8,4,8
O,4,8,5,6,5,7,8,8,5,7,8,8,3,8,3,8
O,4,10,5,7,2,7,7,9,7,7,7,8,3,8,4,8
O,6,10,4,5,3,6,8,4,4,7,4,7,4,8,5,8
O,4,7,5,5,4,8,8,7,4,7,7,6,4,9,3,7
O,4,8,5,6,3,7,5,8,5,6,4,7,3,8,3,8
O,2,3,2,2,1,8,7,6,3,9,6,8,2,8,3,8
O,7,11,9,8,12,8,5,6,2,7,6,8,11,10,8,14
O,4,8,4,6,3,8,5,8,5,9,4,8,3,8,3,8
O,2,4,3,3,2,7,7,6,3,9,6,8,2,8,2,8
O,6,10,7,8,3,6,6,9,9,6,5,6,3,8,4,8
O,2,3,3,2,1,8,7,6,3,9,6,8,2,8,2,8
O,2,1,3,3,2,7,7,7,5,7,6,8,2,8,3,8
O,4,9,5,7,3,8,6,9,8,7,4,9,3,8,4,8
O,4,7,5,5,3,8,8,8,5,7,7,6,3,8,4,8
O,3,7,4,5,3,9,6,7,5,10,4,9,3,8,3,8
O,5,6,7,5,5,7,5,4,4,9,4,9,3,7,6,6
O,4,9,3,4,2,6,9,5,3,8,5,6,4,9,5,8
O,4,9,4,7,3,8,7,8,5,10,5,9,3,8,4,7
O,2,5,3,4,2,8,7,7,4,9,6,8,2,8,3,8
O,3,6,5,4,3,8,8,8,4,7,6,5,3,8,3,7
O,4,9,6,7,7,8,8,5,1,7,7,9,8,9,4,9
O,2,7,3,5,3,7,7,7,4,7,5,8,3,8,2,8
O,4,9,5,7,4,8,7,8,5,10,6,7,3,8,3,8
O,5,5,7,8,3,7,5,9,9,6,4,7,3,8,4,8
O,3,5,4,3,2,8,7,7,4,9,6,8,2,8,3,8
O,6,10,7,8,6,8,5,9,5,5,5,5,5,8,5,8
O,6,9,6,7,4,7,8,8,5,10,7,8,3,8,3,8
O,3,6,4,4,2,8,7,7,4,10,5,8,3,8,3,7
O,4,8,4,6,4,7,7,7,4,10,6,8,3,8,3,6
O,2,6,3,4,2,8,7,8,5,7,7,9,3,8,3,8
O,4,6,4,4,3,8,6,8,6,9,4,7,3,8,3,8
O,6,8,8,7,6,7,5,5,5,8,4,7,3,7,5,7
O,5,10,4,5,3,5,8,7,3,10,7,8,5,9,5,7
O,4,10,5,7,4,7,7,8,5,6,4,7,3,9,4,9
O,6,9,6,7,4,6,8,8,5,10,8,7,4,8,4,9
O,3,7,4,5,3,7,8,8,4,7,6,8,3,8,3,8
O,2,1,3,2,2,7,7,7,5,7,5,8,2,8,3,8
O,2,3,3,2,1,7,7,7,5,7,6,8,2,8,3,7
O,2,0,2,1,1,8,7,7,6,7,6,8,2,8,3,8
O,2,2,3,3,2,7,7,8,4,7,7,8,2,8,3,8
O,4,8,5,6,3,6,9,7,5,10,8,7,3,8,3,8
O,5,10,7,7,8,8,9,6,2,6,7,9,11,13,5,9
O,5,9,4,4,2,9,7,5,4,9,4,8,4,9,5,9
O,3,2,4,3,2,7,6,7,5,7,5,7,2,8,3,7
O,4,5,5,4,3,8,7,8,5,7,6,8,2,8,3,8
O,7,8,9,7,6,5,7,6,6,8,5,6,3,7,5,7
O,2,0,2,1,1,7,7,6,6,7,6,8,2,8,3,8
O,9,13,6,7,4,5,6,7,4,9,7,9,5,9,5,8
O,2,1,3,2,2,8,7,7,5,7,6,8,2,8,3,8
O,5,8,7,6,8,7,9,5,2,7,6,7,10,9,6,10
O,3,5,4,3,2,8,7,7,5,9,5,8,2,8,3,8
O,2,3,2,2,1,7,7,7,4,7,6,8,2,8,2,7
O,4,5,5,7,3,7,8,9,8,7,8,8,3,8,4,8
O,4,10,5,7,4,7,6,8,5,7,5,8,3,8,3,8
O,1,1,2,1,1,8,7,7,4,7,6,8,2,8,3,8
O,2,1,3,1,1,8,7,7,5,7,6,9,2,8,3,8
O,3,5,4,3,2,7,7,8,5,7,6,8,2,8,3,8
O,5,11,6,8,9,9,9,6,2,6,7,9,12,12,6,7
O,6,11,4,6,3,6,7,6,3,9,7,9,5,10,5,8
O,6,11,6,8,6,7,6,7,4,10,5,10,5,7,4,7
O,2,6,3,4,2,7,8,7,5,7,7,7,3,8,3,7
O,3,4,4,3,2,7,7,7,4,9,6,8,2,8,3,8
O,5,11,7,8,6,7,7,8,5,6,7,11,6,7,5,7
O,5,5,7,4,4,8,5,4,5,8,4,8,3,8,4,8
O,4,9,5,6,4,8,7,8,5,9,5,8,3,8,3,8
O,7,10,5,5,3,5,7,6,4,10,7,9,5,10,5,7
O,1,0,2,1,0,8,7,7,4,7,6,8,2,8,3,8
O,4,8,4,6,4,8,7,7,3,9,6,9,3,8,2,8
O,5,11,6,8,3,8,7,9,8,7,6,8,3,8,4,8
O,5,10,6,8,5,7,6,7,4,9,6,10,5,8,4,7
O,5,7,7,6,5,7,5,5,5,9,5,9,3,6,5,6
O,2,3,3,1,1,8,7,7,5,7,6,8,2,8,3,8
O,3,6,4,4,2,7,7,7,5,7,5,9,3,8,3,7
O,4,7,5,5,4,7,9,8,4,7,8,8,3,8,3,8
O,3,6,4,4,2,7,7,7,5,10,6,8,3,8,3,8
O,6,10,7,8,5,8,7,8,6,10,5,9,4,9,5,6
O,6,8,8,6,5,7,7,8,4,7,6,8,3,8,3,7
O,4,10,6,8,4,8,6,9,5,7,5,8,3,8,3,8
O,3,1,4,2,2,7,8,7,5,7,7,8,2,8,3,8
O,9,15,7,8,4,8,6,5,6,8,3,8,6,9,5,8
O,4,7,5,5,3,7,8,7,6,9,8,8,3,8,3,8
O,3,6,4,4,3,8,8,7,4,7,7,7,3,8,2,8
O,2,4,3,3,2,8,7,6,3,9,5,8,2,8,2,8
O,4,9,5,7,5,8,9,8,4,7,8,7,4,7,4,9
O,5,9,6,6,3,8,6,8,8,7,5,9,3,8,4,8
O,4,8,5,6,4,7,7,8,4,7,6,10,3,8,3,8
O,4,9,5,7,5,8,6,7,4,9,4,8,3,8,2,8
O,2,2,3,4,2,7,7,8,4,7,6,8,2,8,3,8
O,6,10,7,8,5,8,6,8,6,9,4,8,3,8,3,8
O,3,6,5,4,5,8,7,5,1,7,6,8,8,8,4,9
O,4,9,5,7,2,8,7,9,8,7,6,9,3,8,4,8
O,4,8,5,6,3,7,7,8,5,10,7,8,3,8,3,8
O,5,9,5,7,5,7,7,8,4,9,6,8,3,8,3,8
O,6,9,6,7,6,8,6,7,4,9,4,8,3,9,3,7
O,3,9,4,6,3,7,7,9,5,7,6,8,3,8,3,7
O,6,11,9,8,6,8,8,9,5,7,7,5,5,8,4,9
O,10,15,7,8,4,7,7,5,5,8,4,7,5,9,6,8
O,4,7,5,5,3,7,8,8,5,7,7,9,3,8,3,8
O,5,6,6,6,5,6,7,6,7,9,7,9,4,7,5,5
O,7,11,5,6,3,6,7,5,4,7,4,7,5,8,5,7
O,2,3,3,2,2,7,7,6,4,9,6,8,2,8,2,8
O,4,9,5,6,3,9,7,9,8,7,5,10,3,8,4,8
O,5,9,6,7,4,7,7,9,5,7,7,8,3,8,3,8
O,3,7,4,5,3,7,7,8,5,6,5,6,3,8,3,8
O,2,3,3,2,2,7,8,6,4,9,6,8,2,8,2,8
O,2,0,2,1,0,7,7,6,5,7,6,8,2,8,3,8
O,4,4,6,7,3,8,6,9,8,7,5,9,3,8,4,8
O,4,6,4,4,3,8,6,7,4,9,5,8,3,8,3,8
O,5,10,7,8,3,7,6,9,8,6,5,6,3,8,4,8
O,1,0,1,0,0,8,7,6,4,7,6,8,2,8,2,8
O,4,9,5,6,4,7,7,8,6,7,6,8,2,8,3,8
O,4,10,6,8,4,7,6,9,5,7,4,8,3,8,3,8
O,5,9,6,6,5,7,8,8,4,7,8,8,3,7,3,8
O,1,3,2,1,1,8,7,6,4,9,6,8,2,8,2,8
O,5,10,6,8,6,8,6,7,3,10,4,8,4,9,4,6
O,3,4,4,2,2,7,7,7,5,7,5,8,2,8,3,8
O,5,10,7,8,5,8,7,9,4,7,6,7,3,8,4,9
O,4,6,4,4,3,6,8,7,4,10,8,8,3,8,2,7
O,6,10,8,8,10,8,7,6,1,7,6,8,9,10,6,11
O,4,7,4,5,3,8,7,8,5,10,6,8,3,8,3,8
O,6,10,8,8,5,8,10,9,6,8,8,5,5,8,5,9
O,4,6,4,4,3,7,7,7,4,10,7,8,3,8,3,8
O,5,9,6,7,4,8,7,8,5,7,6,8,3,8,3,8
O,4,7,4,5,3,7,7,7,4,9,7,10,3,8,3,9
O,9,14,6,8,5,5,7,7,4,10,7,10,5,10,5,8
O,5,9,6,6,5,7,8,7,6,7,6,6,2,8,3,8
O,1,0,1,0,0,7,7,6,4,7,6,8,2,8,3,8
O,6,10,8,8,5,7,7,8,4,6,6,11,5,8,5,6
O,4,4,6,6,2,8,7,8,8,7,6,9,3,8,4,8
O,2,1,2,2,1,7,7,7,4,7,6,8,2,8,3,8
O,5,10,7,8,3,8,7,8,8,7,6,9,3,8,4,8
O,6,11,6,8,7,8,6,8,4,9,4,8,3,8,3,8
O,5,11,6,8,3,7,7,9,8,7,6,8,3,8,4,8
O,5,10,5,8,4,7,7,8,5,9,8,8,3,8,3,8
O,4,9,4,7,4,7,7,7,3,9,7,8,3,8,3,7
O,2,4,3,3,2,8,7,6,4,9,5,8,2,8,2,8
O,4,9,5,6,4,7,7,8,6,7,3,8,3,8,3,8
O,5,11,6,8,4,7,8,8,5,10,8,7,4,7,5,9
O,3,6,4,4,2,7,6,8,5,7,5,9,3,8,3,8
O,4,9,4,6,3,8,6,8,5,9,4,7,3,8,3,8
O,5,7,7,6,5,6,6,6,7,9,6,8,3,6,5,6
O,5,5,7,8,3,7,8,9,8,8,7,6,3,8,4,8
O,8,15,6,8,4,5,7,6,3,10,7,9,5,9,5,8
O,3,9,4,7,4,7,6,8,4,7,5,11,3,8,3,9
O,5,7,6,5,4,7,10,8,5,5,8,11,5,9,4,7
O,1,3,2,1,1,8,7,6,4,9,5,8,2,8,2,8
O,3,5,4,4,3,8,7,7,4,9,5,8,2,8,2,8
O,7,9,5,5,3,6,8,5,4,8,4,6,5,9,5,7
O,5,10,6,8,5,7,8,8,6,7,8,8,2,8,3,8
O,4,9,6,6,7,8,7,5,1,7,6,8,8,8,5,10
O,3,3,4,5,2,7,7,9,6,7,7,7,3,8,4,8
O,6,12,4,6,3,6,7,7,3,10,7,9,5,10,5,7
O,3,4,4,3,2,7,7,7,4,9,6,8,3,8,3,8
O,2,1,2,1,1,8,7,6,5,7,6,8,2,8,3,8
O,5,10,6,8,4,7,7,8,5,10,6,8,3,8,3,8
O,3,9,4,6,3,7,7,8,6,7,8,8,2,8,3,8
O,3,7,4,5,3,8,8,8,6,7,5,8,2,8,3,7
O,5,9,6,7,3,9,9,9,9,5,8,10,3,8,4,8
O,6,10,5,5,3,7,5,6,3,10,6,10,5,9,5,8
O,7,11,7,8,7,7,8,8,4,10,7,7,5,8,5,10
O,7,10,5,5,3,9,6,5,6,9,3,8,5,8,5,8
O,6,10,6,7,4,9,6,8,6,10,3,8,4,8,4,6
O,7,10,7,7,6,8,6,7,5,10,5,11,5,7,5,6
O,2,3,3,2,2,8,7,6,4,9,5,8,2,8,2,8
O,3,9,4,7,4,7,6,8,5,6,4,8,3,8,3,7
O,5,10,6,7,5,8,6,8,7,8,4,10,4,9,5,6
O,5,7,6,5,7,8,7,5,1,7,6,8,8,8,5,10
O,4,9,6,7,4,7,7,8,4,7,6,11,3,8,4,7
O,5,10,7,8,3,9,6,9,8,7,5,10,3,8,4,8
O,5,5,6,7,3,8,7,8,8,6,7,9,3,8,4,8
O,2,1,3,2,2,7,7,7,4,7,6,8,2,8,2,8
O,7,10,7,8,5,7,7,8,6,10,7,9,3,8,4,7
O,6,10,8,8,9,7,8,6,2,7,6,7,10,9,6,10
O,4,8,4,6,3,7,7,8,5,9,7,10,3,8,3,7
O,4,8,5,6,4,8,7,8,5,7,7,9,3,8,3,8
O,3,5,4,3,2,7,7,7,5,9,7,8,2,8,3,8
O,4,6,5,4,6,7,9,5,2,7,7,8,8,9,4,9
O,3,1,4,3,2,7,7,7,5,7,6,8,2,8,3,8
O,2,3,3,2,2,7,7,6,4,9,6,8,2,8,2,8
O,3,3,5,5,2,8,6,8,8,7,4,8,3,8,4,8
O,5,7,6,5,7,8,7,5,2,7,6,8,8,9,4,9
O,6,10,7,8,3,7,10,9,9,8,8,6,3,8,4,8
O,2,0,2,1,1,8,7,7,5,7,6,8,2,8,3,8
O,1,3,2,2,1,8,7,6,3,9,6,8,2,8,2,8
O,8,12,5,6,3,8,7,6,5,9,4,7,5,9,5,8
O,2,3,3,2,2,8,7,6,4,9,5,8,2,8,2,8
O,3,5,4,4,3,7,7,7,5,9,6,8,2,8,3,8
O,3,7,4,5,3,7,7,7,3,9,6,9,3,8,3,8
O,4,11,5,8,3,8,8,9,8,6,8,8,3,8,4,8
O,4,10,6,8,4,8,6,9,5,7,4,8,3,8,3,7
O,8,11,8,9,8,8,6,8,4,9,5,8,3,9,3,8
O,4,6,6,6,4,8,4,4,4,9,3,9,3,7,4,9
O,5,8,7,6,8,8,7,5,1,7,6,8,9,9,6,11
O,5,10,7,7,8,9,7,6,1,7,7,9,10,9,4,6
O,4,7,6,5,6,9,6,5,1,7,6,9,10,9,4,8
O,3,6,4,4,3,8,7,7,5,7,6,8,2,8,3,8
O,5,11,6,9,6,7,7,8,3,10,6,8,3,8,3,8
O,5,10,6,8,6,8,8,8,4,7,7,6,5,7,4,9
O,3,4,4,3,2,7,7,6,4,9,6,8,2,8,3,7
O,7,10,7,8,6,8,7,7,4,9,5,6,5,9,5,10
O,6,11,7,8,5,7,7,9,6,7,5,8,3,8,4,8
O,3,9,5,7,4,7,8,8,6,7,9,7,3,8,4,9
O,2,3,3,2,2,8,7,6,4,9,6,8,2,8,2,8
O,4,10,5,8,5,8,6,8,4,7,4,8,3,8,3,8
O,2,3,3,2,1,7,7,7,4,7,6,8,2,8,2,8
O,1,0,1,0,0,8,7,6,4,7,6,8,2,8,2,8
O,4,7,5,5,3,7,6,8,4,8,5,10,3,8,3,8
O,3,8,4,6,3,8,7,8,6,7,5,9,3,8,3,7
O,4,7,6,5,6,8,7,5,2,7,6,8,8,9,4,7
O,3,3,4,5,2,8,7,9,7,7,5,9,3,8,4,8
O,3,9,5,6,4,8,8,8,4,7,8,8,3,8,3,8
O,6,10,6,7,4,9,6,8,6,9,4,7,3,8,4,8
O,10,14,6,8,4,6,6,7,4,10,6,10,5,9,5,8
O,4,5,5,4,4,7,6,5,5,9,5,10,4,6,5,6
O,5,8,5,6,5,8,7,7,4,9,5,8,3,8,3,8
O,1,3,2,2,1,8,6,6,3,9,5,7,2,8,2,7
O,4,7,6,5,4,7,6,8,5,7,4,8,3,8,3,8
O,5,10,6,8,5,7,7,9,4,7,6,9,3,8,4,6
O,5,9,7,7,5,8,6,8,4,6,4,7,3,9,4,9
O,3,8,4,6,3,8,8,7,5,7,6,9,2,8,3,8
O,3,7,4,5,2,7,9,9,7,8,8,7,3,8,4,8
O,6,10,7,8,6,7,7,8,4,7,6,8,3,8,3,8
O,4,8,6,6,5,8,7,8,4,7,6,7,3,8,3,7
O,1,3,2,1,1,8,7,6,4,7,6,8,2,8,2,8
O,5,9,5,7,4,7,7,8,5,10,7,8,3,8,3,8
O,1,0,2,0,0,7,6,6,4,7,6,8,2,8,3,8
O,1,3,2,2,1,8,7,6,3,8,6,8,2,8,2,8
O,3,5,4,4,3,7,7,8,5,7,6,8,2,8,3,8
O,5,12,4,6,3,6,6,6,3,10,6,9,5,9,5,7
O,1,0,2,1,0,7,7,6,5,7,6,8,2,8,3,8
O,3,2,5,4,3,8,7,8,5,7,6,8,2,8,3,8
O,3,1,4,3,2,7,7,7,4,7,6,7,2,8,3,7
O,3,5,4,3,3,7,7,7,4,9,5,8,2,8,3,7
O,3,5,4,4,3,8,7,7,4,9,6,8,3,8,3,8
O,4,4,5,6,2,8,8,9,8,5,8,10,3,8,4,8
O,2,4,3,3,2,7,7,7,4,7,5,8,2,8,3,8
O,4,8,6,6,5,7,7,8,4,7,7,9,3,8,3,7
O,4,9,5,7,2,7,6,9,7,6,5,7,3,8,4,8
O,4,7,5,5,4,7,7,8,6,7,6,6,3,8,4,8
O,7,13,5,7,3,9,7,7,5,9,4,8,5,9,5,9
O,4,8,5,6,2,7,7,8,8,7,6,7,3,8,4,8
O,3,5,4,4,3,7,7,8,5,7,6,8,2,8,3,8
O,3,7,4,5,3,7,7,8,5,7,6,8,3,8,3,8
O,4,8,6,6,4,7,8,8,6,7,7,8,2,8,3,8
O,6,11,6,9,5,8,6,8,5,10,5,9,4,9,5,6
O,5,10,7,8,5,7,6,9,4,7,5,9,3,9,4,6
O,2,3,3,2,1,8,7,6,4,9,6,8,2,8,2,8
O,6,12,4,6,3,6,8,5,5,9,5,6,5,9,5,8
O,5,10,6,7,3,8,8,9,8,7,7,8,3,8,4,8
O,8,14,5,8,4,6,6,6,3,9,7,9,5,9,5,8
O,6,10,7,8,3,7,9,9,9,7,8,8,3,8,4,8
O,3,5,4,3,3,8,7,7,5,7,6,8,2,8,3,8
O,4,4,6,6,3,6,8,9,8,7,6,6,3,8,4,8
O,4,2,5,4,3,8,7,8,5,7,6,8,2,8,3,8
O,4,8,5,6,4,7,8,7,4,10,7,9,3,8,3,7
O,4,10,5,8,3,8,7,9,7,7,6,8,3,8,4,8
O,3,7,5,5,6,8,6,5,2,7,6,8,8,9,5,10
O,6,10,7,7,5,8,6,8,6,10,6,9,4,8,5,5
O,4,7,6,6,4,8,4,3,4,9,3,8,3,7,4,9
O,4,7,6,6,4,8,5,3,4,8,3,7,3,7,5,9
O,5,11,6,8,6,7,8,7,3,10,8,8,4,7,5,10
O,2,0,2,1,0,7,7,6,5,7,6,8,2,8,3,8
O,4,8,6,6,2,8,5,8,8,7,4,9,3,8,4,8
O,3,5,4,4,3,7,7,7,4,9,5,7,2,8,3,7
O,4,7,6,5,4,7,5,8,5,8,5,11,3,8,4,8
O,4,6,6,5,4,7,5,5,4,8,4,7,3,7,4,8
O,3,7,5,5,3,8,6,7,4,7,5,8,3,8,3,7
O,2,0,2,1,0,7,7,6,5,7,6,8,2,8,3,8
O,6,10,8,8,5,7,7,9,4,7,6,8,3,8,4,8
O,3,6,4,4,3,7,7,7,5,7,6,8,2,8,3,7
O,6,9,6,7,5,7,7,7,5,10,6,10,5,8,4,6
O,4,4,5,6,2,8,9,8,8,6,8,9,3,8,4,8
O,7,11,9,8,6,7,7,9,5,6,7,11,5,8,5,7
